222.097143778,542.32598877,116672592.0
231.086201512,243.499801636,6916310.0
147.076372246,627.227661133,100952032.0
176.102913482,649.912719727,82239472.0
197.101992632,472.265136719,2840690.5
132.065466447,615.448913574,219968560.0
258.10993384,603.675537109,534056736.0
233.128275714,270.292053223,725607808.0
487.178281607,553.723999023,24659664.0
148.096733553,354.384399414,96354616.0
287.221397048,223.893981934,2881183.25
355.063067857,291.624969482,74350000.0
383.094283279,213.528076172,38568140.0
249.123145092,295.359405518,37034000.0
189.123286819,622.0078125,350437344.0
203.05502977,315.631591797,2448152.0
205.097149983,546.11315918,106455784.0
419.151124212,375.989776611,61011904.0
264.107566484,404.499206543,3080137.25
151.096452604,358.136901855,8682703.0
243.097373428,397.028076172,28196236.0
225.096753619,441.98828125,1369957.25
415.211137725,230.435745239,1967801.625
227.124928325,487.164764404,235109408.0
361.22173285,221.26902771,959178.0
465.249464994,270.292053223,83031600.0
204.086669778,581.712463379,36533556.0
99.0440491613,499.595458984,5176670.5
330.05946148,454.364257812,66932292.0
132.101860515,512.21472168,188069456.0
159.076408436,649.912719727,15391588.0
274.935969193,1296.28027344,205437.96875
168.080695208,251.23550415,8841194.0
269.08781065,518.418518066,70391056.0
174.091341629,565.214355469,61421644.0
127.05015821,515.936401367,759960320.0
149.080838172,356.880401611,3482970.75
150.058298566,532.218078613,349705088.0
124.039290442,397.028076172,440342720.0
135.044015115,519.66229248,18832924.0
193.14348062,275.260681152,12940031.0
151.086579204,296.607910156,35941880.0
168.065550339,251.23550415,13374088.0
130.049908307,627.227661133,20336062.0
102.054946814,369.728210449,19570788.0
212.095076953,404.499206543,3481023.75
133.060731328,631.179382324,15552277.0
116.070575505,572.814453125,729793728.0
152.056662309,581.712463379,52012904.0
118.086176646,561.393066406,159613568.0
265.118052252,355.632629395,5208927.0
207.159094067,249.95690918,12263376.0
184.06044036,258.933349609,15413992.0
403.232328438,219.96472168,913651.0625
203.054994264,514.696960449,5334283.0
279.158822224,223.893981934,3275182.5
251.102428165,302.940124512,1659440.5
126.021933466,633.8359375,5020905.5
117.05460875,398.258483887,8964799.0
148.060390048,593.369567871,35015824.0
451.164182627,208.42149353,330844.15625
186.076120549,542.32598877,17336286.0
120.065521649,611.496826172,55803204.0
180.086573067,639.171142578,16834504.0
399.144137942,655.286987305,16193921.0
211.10935601,226.515274048,1410923.625
239.148533615,301.66116333,625510.1875
251.063589948,435.816009521,1512594.875
212.93578154,1296.28027344,278881.9375
168.06890889,1439.20300293,511995.75
147.112765831,946.172302246,1147534.125
195.122744178,304.225158691,2641457.0
115.005729554,449.391967773,1196215.375
168.065511016,1360.36804199,4415766.0
227.112467968,507.229370117,1293312.625
663.452928255,212.258911133,125170.921875
287.221381372,1360.36804199,1079941.875
265.117966709,270.292053223,1680853.625
227.117757828,251.23550415,11494935.0
93.0546369767,472.265136719,1899157.375
275.13869308,240.896728516,205298.703125
139.002509727,243.499801636,585681.5625
144.065525445,542.32598877,2196556.0
212.075045848,375.989776611,18048714.0
234.07687529,438.280792236,2002066.5
172.088007693,426.015136719,3824870.5
380.90018528,1296.28027344,179073.453125
165.112160431,282.844787598,3297130.0
251.185056728,255.080963135,2296055.75
283.138473057,400.730316162,136566.96875
243.182729158,243.499801636,2829923.75
178.976988432,528.466247559,6906015.0
180.9761722,528.466247559,14689700.0
207.049977151,668.855224609,137005.953125
207.049980474,659.335083008,157242.140625
185.09207311,353.112915039,115524.359375
180.086589534,674.212463379,355623.78125
308.196747338,267.807281494,27109598.0
298.096498978,388.360778809,209111984.0
245.089741653,552.450073242,1300038.625
198.999893513,529.717102051,374043.4375
157.013194926,546.11315918,2634761.75
174.10257528,275.260681152,95934312.0
559.150792602,517.176391602,2973703.5
90.054931988,639.171142578,74554120.0
342.167146347,579.153259277,6376933.5
308.196697412,275.260681152,27783700.0
117.054594956,437.047912598,10869998.0
133.075991212,350.522644043,11447352.0
759.572036625,226.515274048,115292.796875
323.159964529,242.197296143,1378510.75
316.211700048,242.197296143,3574565.5
341.17588099,230.435745239,632522.0625
360.149700828,653.938110352,2287357.0
296.17559171,233.055664062,1202785.75
221.101959543,355.632629395,394544.53125
163.075294149,242.197296143,237513.0
211.096463661,255.080963135,509340.375
239.127711858,240.896728516,576606.75
289.273463734,229.128479004,192788.375
387.192618894,233.055664062,283498.78125
309.226905915,246.100006104,174597.75
120.080752361,490.869506836,19543686.0
174.091354014,608.867736816,10687242.0
174.091347966,535.989074707,21881354.0
275.257897891,230.435745239,131684.25
103.038960923,504.705352783,331573.375
175.023722774,675.547485352,544867.3125
371.315444939,218.661895752,306469.8125
146.081172316,405.780395508,388565.375
170.081089288,428.455596924,2172363008.0
129.102196952,623.31048584,2499960.0
203.055124277,546.11315918,9196616.0
185.044441346,244.800415039,2094170.875
129.127348075,235.676345825,313805.8125
421.145829904,375.989776611,4935098.5
266.074500167,549.909362793,5173238.5
177.10038522,649.912719727,847529.5
207.112944399,295.359405518,136537.875
212.095049848,636.5,3977175.25
131.106665652,249.95690918,685628.0
156.076774665,618.084411621,11459346.0
137.045794611,1361.72155762,524255.5625
267.171722892,225.204849243,10744764.0
149.023295877,223.893981934,823892.75
135.101528332,302.940124512,663527.625
239.13881344,401.974395752,575843.6875
150.112468426,474.786132812,2371046.75
218.987557534,675.547485352,543912.375
252.108900706,400.730316162,1789611.0
239.138833707,350.522644043,1393491.625
411.125729111,200.521026611,1046303.75
391.283831778,217.369110107,794298.9375
166.086348294,548.642333984,427119.65625
196.096836474,260.21206665,1587778.75
104.106944106,603.675537109,2498613.5
139.050190909,387.110900879,2345976.5
106.049872031,651.251281738,4497633.0
229.081822317,437.047912598,8315411.0
170.011745183,631.179382324,4373397.0
244.19072895,251.23550415,399446.46875
212.095077883,524.690368652,11896691.0
104.070576894,1360.36804199,2149742.75
154.086208357,356.880401611,1524314.875
192.159461867,302.940124512,5028785.0
311.164013913,229.128479004,126122.601562
122.081138696,674.212463379,2389832.0
268.103769473,464.555999756,1820430.625
209.189969276,235.676345825,201523.78125
182.044822408,238.289718628,992721.25
346.981867092,1365.734375,214158.328125
234.076946057,1363.06616211,346468.15625
221.101925829,302.940124512,987027.625
81.0446974642,515.936401367,10497532.0
174.091369949,267.807281494,43838448.0
127.050095575,398.258483887,67373312.0
227.105808038,374.753295898,5762966.0
136.06174586,484.690856934,349518624.0
112.050516373,552.450073242,69707592.0
233.092075318,355.632629395,196028.453125
137.045775025,519.66229248,88472576.0
113.070893667,651.251281738,1330858.875
109.076059107,297.860992432,5501138.5
191.117821109,593.369567871,19959340.0
232.061200542,372.262969971,7147756.0
113.034528207,437.047912598,18478816.0
155.046717266,227.820709229,411209.28125
174.038662705,579.153259277,6810039.5
436.290299538,221.26902771,245807.484375
167.033921929,575.343811035,4336798.0
329.004946891,230.435745239,1581374.375
327.007946743,230.435745239,1598962.0
280.263268986,231.7449646,128361.492188
163.132841725,256.365753174,1091354.375
245.174573225,217.369110107,186411.703125
299.257985522,208.42149353,110347.820312
191.164113306,1372.29516602,279137.875
263.073574273,610.180053711,222136.921875
196.096865908,297.860992432,5174718.5
628.223223664,375.989776611,790158.9375
378.148936188,446.924346924,1982882.875
297.165494609,542.32598877,6690478.5
509.164789415,382.152709961,8255692.0
285.14750297,373.51184082,21105118.0
264.107542995,438.280792236,769561.9375
273.090623893,260.21206665,1053327.75
247.143915337,258.933349609,4951583.0
438.378683757,225.204849243,181750.609375
350.326225038,226.515274048,202337.6875
250.118439626,230.435745239,976286.625
167.092726859,407.071472168,879720.9375
154.086217276,408.36907959,1788796.625
207.084549165,302.940124512,122779.195312
419.315242038,217.369110107,128525.585938
151.057836255,530.967895508,2344634.75
213.09844042,440.751525879,454925.40625
289.096367381,407.071472168,122112.773438
149.080872922,388.360778809,1681527.375
223.117554698,369.728210449,242659.390625
425.943066528,1367.05725098,106772.726562
134.970638174,529.717102051,277126.3125
115.063144097,487.164764404,12572090.0
128.047216067,515.936401367,6044200.5
385.128606575,574.077758789,3721962.5
337.160395239,571.550476074,1809833.75
205.07948513,267.807281494,10557548.0
529.151840588,397.028076172,960209.1875
134.081101083,374.753295898,6877432.0
190.12059097,623.31048584,2042446.375
172.096717118,620.703308105,921544.9375
275.073445601,530.967895508,2643047.5
191.989754449,528.466247559,599215.9375
152.054037454,532.218078613,15959963.0
133.031754739,532.218078613,32871384.0
104.052821622,532.218078613,11827101.0
102.054957333,532.218078613,2226324.75
137.058818421,484.690856934,6476241.5
86.0600009373,615.448913574,1396944.625
300.092335993,388.360778809,8953386.0
334.149456758,512.21472168,2802119.5
307.043741213,512.21472168,5997238.5
258.108300399,512.21472168,3197337.25
412.207516596,562.66784668,4065463.0
339.176030795,561.393066406,1344792.375
72.0807737417,561.393066406,5554827.0
434.203206192,552.450073242,5321086.0
465.168953763,542.32598877,12834391.0
412.207583299,542.32598877,8768186.0
285.105475495,541.061340332,2593166.25
176.97892193,528.466247559,2941054.25
267.107133584,1040.51904297,4900624.5
265.111415427,1040.51904297,110256056.0
144.04772903,1041.85095215,6109358.0
395.207646838,548.642333984,1197027.375
393.165393466,546.11315918,1181135.5
312.112276371,627.227661133,2556617.5
132.076730234,627.227661133,31815880.0
392.181192007,354.384399414,214740.0625
317.113013298,355.632629395,1638288.375
283.1220622,354.384399414,2864581.5
275.138832617,355.632629395,232138.75
406.223523979,271.532012939,1946704.125
344.156303581,522.165161133,4880668.0
243.094961628,639.171142578,1514394.625
357.058891871,291.624969482,2810084.5
302.196006978,292.867889404,796968.125
541.14770359,454.364257812,783665.0
273.094161911,451.87588501,482671.78125
237.105282984,279.031036377,981198.9375
160.086905868,277.76739502,60856464.0
193.097178012,581.712463379,1518441.75
548.503687743,212.258911133,264773.21875
458.162853935,212.258911133,582041.5
385.089904821,213.528076172,1438825.5
292.191917161,213.528076172,102128.640625
248.116008182,294.113098145,155307.109375
198.112485319,295.359405518,547115.875
190.097455368,295.359405518,2091335.625
104.07058724,593.369567871,1575118.5
163.008236578,449.391967773,8011903.5
311.126927757,373.51184082,3764326.25
248.035117564,372.262969971,4633764.5
74.071243318,863.779785156,20459930.0
202.180139863,438.280792236,13532634.0
193.060872595,438.280792236,873174.0
81.03351297,437.047912598,2045086.375
418.191498634,655.286987305,187989.921875
401.139768994,653.938110352,641153.875
391.173966735,632.506103516,177471.53125
120.065527269,629.856079102,14456291.0
285.134358332,261.488769531,134850.796875
279.133528945,261.488769531,120949.757812
268.144193813,260.21206665,1055970.0
141.113414733,499.595458984,3049755.75
134.081140049,499.595458984,8684061.0
302.186207243,251.23550415,251469.34375
326.843650302,1363.06616211,1126472.125
235.912822067,1361.72155762,7073080.5
394.352466283,223.893981934,205508.421875
384.771813779,222.58001709,184944.109375
342.24017977,225.204849243,718310.8125
320.243017993,227.820709229,401399.0625
205.085949206,223.893981934,424517.0625
212.095054025,585.571228027,10550925.0
175.118935909,1014.86895752,10403900.0
212.095063349,535.989074707,10265024.0
244.138921315,508.480987549,4854200.0
212.095050021,508.480987549,10152668.0
506.707589532,1369.68579102,105302.101562
502.710924262,1367.05725098,262326.25
362.289793426,1367.05725098,874319.9375
326.84367089,1368.37426758,1321441.375
324.845485607,1369.68579102,3138549.0
322.847327536,1369.68579102,2274576.0
242.283961601,28.9570198059,9021900.0
161.080836809,356.880401611,736095.875
100.075667735,358.136901855,728145.875
233.914683387,1361.72155762,8345601.5
314.091488959,469.711791992,5748551.0
272.170096219,472.265136719,1192650.75
398.228228862,240.896728516,157492.71875
381.170715354,243.499801636,156487.15625
353.047561688,242.197296143,567506.75
228.19577526,243.499801636,264102.90625
212.106863197,242.197296143,701340.375
158.153945732,242.197296143,747086.5625
139.097798786,1056.44580078,6820472.0
146.117562016,579.153259277,3287026.75
307.043774671,520.911010742,5949050.0
430.243330883,223.893981934,374184.125
199.169279003,223.893981934,5499344.5
111.116812821,223.893981934,2522474.0
267.11984298,576.610473633,1411999.875
340.186554646,355.632629395,417143.84375
131.070296475,355.632629395,1449956.375
205.133576606,404.499206543,623909.5
146.980287067,404.499206543,2245893.0
144.982136089,404.499206543,4858751.0
490.279770238,230.435745239,702632.8125
462.26135814,233.055664062,154729.5625
383.186331977,230.435745239,257132.5625
369.351353099,233.055664062,441803.375
331.001951623,230.435745239,486772.125
224.12814365,264.038299561,1806920.5
314.180753202,444.45791626,701318.875
239.13885117,441.98828125,459525.21875
215.081439203,441.98828125,451853.90625
110.081183552,443.223907471,131644.5
168.06560997,419.891937256,3814860.0
166.049887809,364.558013916,3757148.75
267.107127462,1032.50097656,3729144.75
398.112608361,504.705352783,413581.53125
302.180773071,508.480987549,1706239.75
233.914661392,503.430847168,594755.875
289.9345645,414.900115967,282891.125
287.936363879,410.99887085,291654.28125
275.196313459,416.173980713,150083.328125
201.002131227,414.900115967,1519433.375
199.003939148,414.900115967,3315636.25
245.076586992,493.341125488,2619786.75
212.09504985,644.537353516,3254392.5
171.992888461,414.900115967,3100085.75
463.233599168,255.080963135,261759.15625
317.113101479,258.933349609,387596.75
299.150099425,256.365753174,2819869.0
240.112996154,256.365753174,364004.25
181.075938438,257.652587891,621776.0
304.247968422,1382.57824707,2697411.75
279.104842993,539.793457031,2498164.5
278.123209037,315.631591797,378062.59375
269.233290744,682.243286133,2116630.75
212.095034182,1350.35754395,2076584.75
242.138572409,262.765136719,1886108.25
166.122680713,262.765136719,2024787.75
146.117538865,265.302825928,1262586.0
150.07744251,408.36907959,1236108.375
189.113439256,353.112915039,775442.5
229.140947664,1439.20300293,929997.625
104.106964083,1439.20300293,654683.5
81.0447442774,1439.20300293,545855.5625
358.206829613,509.728393555,1326433.5
146.096401555,244.800415039,1232232.75
427.190488355,544.851379395,1203548.125
404.206354664,235.676345825,109602.9375
190.107326101,451.87588501,1145867.5
271.075113503,300.386108398,386771.625
220.117924605,300.386108398,1104748.75
113.070915193,301.66116333,310998.34375
330.227298582,239.592422485,132583.328125
271.143877969,239.592422485,111117.140625
478.300825899,219.96472168,199572.59375
466.352569404,218.661895752,151902.34375
163.09777317,1037.84545898,899211.625
399.144237424,679.557861328,773771.875
268.063642115,285.373596191,739995.1875
229.097102027,284.110778809,434160.71875
147.0916265,284.110778809,126325.414062
355.063044643,340.096832275,102641.96875
302.196057852,342.705291748,538062.3125
104.106961111,1434.30554199,498119.03125
186.221613749,152.427703857,423971.5
278.116668999,408.36907959,419234.78125
168.068902898,1422.7310791,279608.625
287.221396544,94.7747344971,270796.875
296.097380348,663.405578613,140706.109375
548.503795822,1392.45703125,155983.9375
203.139054721,772.007019043,151216.421875
200.200868697,1432.47387695,113774.875
118.065081164,546.11315918,235392.234375
144.065517205,582.99597168,809991.875
167.081502161,403.232269287,145810.328125
162.076053823,458.130554199,318933.90625
177.102236523,251.23550415,137236.75
197.005567606,675.547485352,498085.28125
170.081092543,423.571838379,2003471360.0
127.03890166,542.32598877,228283.421875
135.101532863,279.031036377,169259.96875
121.966142268,1357.62280273,217261.46875
177.054601396,233.055664062,150941.5625
165.05474155,441.98828125,1588283.375
144.065538832,440.751525879,134184.078125
139.002553237,315.631591797,443419.65625
395.130805165,517.176391602,3105161.75
219.047469458,582.99597168,1058003.0
192.024291987,594.663391113,324808.9375
419.21729907,251.23550415,406166.875
362.289751617,223.893981934,290161.0
212.09504163,478.516235352,9003598.0
254.131285932,355.632629395,172714.453125
247.226581846,231.7449646,103779.953125
164.091834112,443.223907471,312334.28125
101.059687417,282.844787598,102560.070312
247.018714288,313.116485596,216684.515625
265.044468508,480.984313965,985001.4375
375.129654013,408.36907959,364857.40625
222.169938952,234.365692139,128605.96875
230.138964661,239.592422485,134170.015625
119.081511397,753.088195801,157203.421875
123.068217999,1052.47497559,135599.5625
119.070303646,389.610351562,262733.625
157.013216788,515.936401367,1264977.75
164.05618787,385.865692139,157765.59375
133.097115345,651.251281738,390134.875
144.065490285,639.171142578,539170.875
132.065519952,455.612670898,358808.78125
102.054959736,593.369567871,794423.5625
343.164959292,497.074432373,239409.203125
216.086608065,350.522644043,182319.390625
123.964375747,1357.62280273,105717.453125
214.091174363,582.99597168,661467.0
119.070294487,358.136901855,471958.28125
168.037261035,577.880126953,330314.3125
209.101978979,355.632629395,108431.0625
132.065549067,479.751190186,255601.90625
165.075748923,542.32598877,417943.84375
190.070990879,566.485839844,1434556.25
132.065495629,566.485839844,1717827.875
233.128522215,390.856842041,428424.96875
205.090115673,560.116821289,1474759.0
184.060466935,358.136901855,144022.640625
180.086602435,794.68560791,214783.578125
170.081132195,794.68560791,997973.1875
180.08656986,896.721313477,168317.203125
384.191563171,302.940124512,111914.257812
297.14736051,377.223693848,329031.90625
84.080516118,623.31048584,1333064.875
74.0234800738,530.967895508,491710.9375
175.088447696,562.66784668,234178.546875
149.000685663,529.717102051,590268.375
122.071156705,1040.51904297,13340252.0
250.154803454,272.772583008,4919729.0
143.072644815,275.260681152,354338.15625
169.02842409,641.850463867,140951.3125
399.026845827,296.607910156,189696.53125
213.03288569,296.607910156,119662.4375
165.075744338,438.280792236,509356.25
137.045735206,636.5,151919.3125
116.034208305,631.179382324,276138.375
191.12769676,258.933349609,289455.4375
159.091596904,261.488769531,101309.695312
147.06647912,351.822265625,137831.234375
130.966499184,1357.62280273,438214.15625
259.081032845,229.128479004,129876.5625
98.9840676869,227.820709229,1107226.625
156.984002045,588.161560059,173194.234375
103.955262105,1368.37426758,390459.96875
165.113538523,474.786132812,152029.125
149.070983735,356.880401611,1024843.4375
122.071156422,1069.71008301,8644998.0
97.076028369,459.408294678,102078.921875
231.086263641,469.711791992,182651.828125
306.154544276,243.499801636,1142132.125
183.078014258,242.197296143,132579.3125
133.075991201,332.294006348,6545135.5
322.149500645,223.893981934,138381.046875
198.043086746,355.632629395,1107715.375
100.075665346,302.940124512,163455.9375
116.070579693,404.499206543,392427.9375
165.113575667,419.891937256,471468.6875
125.107357605,359.399688721,106513.710938
111.066537885,503.430847168,794294.375
139.050142614,478.516235352,117427.78125
85.0283948336,532.218078613,161270.921875
174.091348808,682.243286133,1157217.75
197.02098065,484.690856934,464045.25
309.203431292,1407.29003906,105525.578125
174.09135224,668.855224609,1305664.75
174.091351496,701.556274414,745657.0625
82.0525499563,1439.20300293,264914.125
210.087317398,235.676345825,116242.71875
150.077506789,460.690795898,566259.4375
299.148679513,301.66116333,224873.34375
224.128001875,498.33013916,949042.375
123.074483441,1052.47497559,861985.9375
179.010431968,480.984313965,132348.1875
116.070601087,811.738342285,576830.5625
187.086632403,595.953613281,269954.53125
162.997745132,597.239990234,545061.875
162.929017334,1080.35046387,191807.40625
174.091346892,794.68560791,293881.4375
172.028017994,508.480987549,190964.3125
189.113448002,1433.7130127,158980.203125
148.09671778,393.33404541,510194.875
132.101874915,280.299865723,268815.1875
323.150146456,355.632629395,102863.382812
184.096846206,355.632629395,369037.3125
176.091733984,507.229370117,215213.796875
267.171725762,1387.57409668,918411.3125
174.102579398,341.400848389,203353.53125
194.084603062,1110.15917969,131988.046875
287.061166165,397.028076172,1504539.0
307.15799932,614.128479004,267403.21875
130.064894538,547.378051758,565594.4375
74.0599512551,355.632629395,534130.125
137.045762727,649.912719727,126355.664062
168.065517766,581.712463379,3235362.75
158.09241873,581.712463379,202373.15625
127.050202117,592.070800781,458336.59375
264.17015642,275.260681152,266179.53125
124.039340008,439.515472412,1694326.875
175.107764956,629.856079102,128343.265625
187.05767505,525.954956055,304652.0625
135.065097273,508.480987549,1597471.375
328.123566779,456.867736816,172295.546875
175.035763428,577.880126953,115760.015625
321.115369489,438.280792236,214609.078125
184.075670752,264.038299561,757202.25
201.102203091,255.080963135,143415.484375
139.017855637,1347.26501465,1433641.5
151.096498517,404.499206543,281232.65625
206.138622618,369.728210449,202241.609375
323.136748194,239.592422485,592267.25
141.085144951,1041.85095215,276933.71875
333.078791192,456.867736816,355632.9375
140.081804518,1128.38024902,452979.875
239.138776011,251.23550415,485587.96875
146.117528482,1410.4407959,233437.984375
187.096527361,302.940124512,167584.25
300.040266885,429.676727295,536624.8125
171.07824189,429.676727295,10622977.0
138.054762014,427.23550415,742958.4375
134.060086382,423.571838379,4514006.5
300.040307068,421.119750977,746251.25
275.027279985,423.571838379,718608.75
362.165494673,488.399291992,1154955.375
249.120438723,487.164764404,15116556.0
228.122152512,487.164764404,5857640.5
207.112772432,488.399291992,881258.9375
177.074618514,488.399291992,390757.6875
158.030011693,488.399291992,213454.453125
149.059743744,492.104949951,727155.3125
116.070376328,492.104949951,2556140.5
575.124621757,517.176391602,759254.875
400.182364499,512.21472168,700157.375
278.123048778,512.21472168,529098.5625
229.998394514,514.696960449,328670.21875
129.054316575,515.936401367,3241012.5
82.0522643156,515.936401367,1271285.0
327.15846009,574.077758789,221829.234375
306.181083845,569.020874023,1108688.625
210.997790021,575.343811035,934967.6875
166.086279979,570.286132812,227972.984375
118.074726791,572.814453125,3239262.5
117.067605896,572.814453125,2733797.5
70.0651187487,572.814453125,4615073.0
278.18598414,266.558380127,1230481.75
256.113386006,270.292053223,2022373.75
216.101944353,270.292053223,3598263.75
207.075227071,266.558380127,519028.9375
198.102507219,267.807281494,288760.9375
160.07504811,270.292053223,516276.78125
1032.4406308,603.675537109,148269.015625
794.297252827,602.386230469,201974.78125
537.195006865,601.098632812,2918212.75
450.111042441,603.675537109,310123.25
408.642854345,601.098632812,248861.9375
336.087220769,603.675537109,909577.6875
277.083139298,601.098632812,595228.625
261.117326035,603.675537109,648444.3125
193.008379053,604.96685791,456939.90625
184.07322322,603.675537109,758486.0
98.9838804251,603.675537109,355530.21875
71.0727978853,601.098632812,319704.65625
486.191154216,397.028076172,1440675.25
476.166960081,397.028076172,397053.5
305.120545086,395.798156738,507080.40625
303.035140857,397.028076172,788212.75
274.090688751,400.730316162,640696.75
231.083755076,392.097442627,329494.21875
226.128403457,393.33404541,1138898.75
207.076409788,395.798156738,606036.8125
140.068158655,397.028076172,328358.96875
126.043449885,393.33404541,1876996.75
125.079528426,394.566711426,136025.453125
125.036374334,395.798156738,1649779.375
110.023690953,397.028076172,239924.859375
81.033506148,399.492126465,1379781.5
79.0413465871,397.028076172,581787.0625
78.0336053003,394.566711426,269785.625
859.277048762,375.989776611,815057.125
494.219449443,373.51184082,631390.25
380.184501838,374.753295898,259830.046875
350.185163337,373.51184082,243698.09375
310.142660214,377.223693848,352048.34375
254.042777109,380.919433594,392177.03125
212.082874163,375.989776611,3258323.75
182.16509022,374.753295898,307655.34375
100.07528759,378.456054688,516803.21875
421.202825333,620.703308105,288977.34375
400.210984336,618.084411621,510559.28125
378.242435008,623.31048584,198582.921875
268.096514518,619.397949219,223138.3125
233.087018029,619.397949219,465082.71875
174.087446313,619.397949219,939717.8125
153.10219255,622.0078125,179095.75
126.091335101,622.0078125,196975.265625
111.055324722,622.0078125,224675.375
74.0234350528,622.0078125,164659.796875
270.118045143,530.967895508,516388.78125
270.058005238,533.470703125,169945.046875
195.987244507,528.466247559,2876860.0
194.022281877,532.218078613,842515.0625
192.114599372,533.470703125,124500.796875
166.107307039,534.727416992,110062.695312
148.042572941,532.218078613,475104.1875
135.027530337,532.218078613,1429487.125
134.031058767,530.967895508,162585.25
356.121427956,483.454681396,446345.125
343.153180421,614.128479004,283398.40625
322.176189096,611.496826172,196708.8125
291.163092953,615.448913574,1427477.25
234.076968002,611.496826172,889161.0
204.086707274,614.128479004,140253.84375
203.222997031,616.770019531,110473.234375
196.081547153,614.128479004,234791.609375
176.029447755,615.448913574,222183.015625
133.062627615,615.448913574,768912.0
362.016651363,388.360778809,334481.0625
360.018353635,388.360778809,782717.5625
313.142315192,385.865692139,128652.78125
273.087198895,384.624694824,962027.375
309.041779368,513.456359863,346627.125
176.065752527,512.21472168,193990.671875
135.1206056,512.21472168,224725.265625
133.098934357,512.21472168,558285.625
126.066181489,512.21472168,792205.75
87.0998045603,512.21472168,340550.53125
381.228207467,565.214355469,1197041.75
269.233342526,565.214355469,3662119.5
202.042734677,561.393066406,130512.351562
194.117553214,563.941955566,410411.6875
120.090450622,561.393066406,789852.5625
119.083358154,562.66784668,616412.4375
104.070583016,560.116821289,2100307.25
465.182813378,551.179016113,707651.0
455.18034804,552.450073242,248175.5
448.182529206,551.179016113,567856.25
302.145622813,553.723999023,170233.453125
282.048447407,549.909362793,1330614.5
268.103704603,552.450073242,478218.4375
162.076047962,555.000305176,361205.40625
113.047510629,552.450073242,788674.875
455.166639865,542.32598877,226402.921875
274.14935673,539.793457031,1143092.125
266.060986602,542.32598877,346956.28125
262.051131555,542.32598877,201613.8125
225.104440924,541.061340332,102193.429688
102.054971556,542.32598877,860360.5625
98.0600324101,542.32598877,234727.8125
73.0281281004,542.32598877,176779.375
291.047660516,529.717102051,611894.875
253.031636143,527.212036133,205545.046875
248.07632203,528.466247559,857372.75
241.966602296,528.466247559,241712.671875
239.029223349,528.466247559,472904.03125
237.030029674,528.466247559,366368.65625
234.014412448,528.466247559,169982.140625
182.97633309,529.717102051,2274047.75
175.0946859,528.466247559,1307200.75
174.982175408,527.212036133,280859.75
168.976184326,529.717102051,326325.4375
165.976584619,528.466247559,137049.75
164.091788556,525.954956055,1508313.625
110.955198826,528.466247559,149744.546875
108.9549783,529.717102051,983715.5
106.955771948,528.466247559,436303.5
105.958401216,527.212036133,146106.265625
104.957738109,529.717102051,224425.703125
507.168631107,382.152709961,116610296.0
232.061194941,384.624694824,6173426.0
151.096407871,380.919433594,226591.671875
88.0756296448,379.687988281,203134.03125
487.164119055,547.378051758,1675391.0
426.186830342,546.11315918,5060450.0
191.117846608,546.11315918,35494152.0
175.094718594,546.11315918,3708495.5
143.072809988,543.58972168,181850.921875
117.056949723,547.378051758,219827.828125
111.00772669,546.11315918,281594.46875
314.108171435,627.227661133,136131.0
182.090645691,627.227661133,150731.3125
163.07939311,627.227661133,257432.65625
137.045818827,625.919372559,167787.765625
111.055305969,625.919372559,167445.625
84.0442976187,627.227661133,581183.1875
312.112258265,1059.09594727,3826848.25
265.11140794,1056.44580078,99567936.0
122.071152065,1056.44580078,12133805.0
464.202465541,354.384399414,252944.78125
412.207453018,355.632629395,478447.53125
402.211736274,354.384399414,160612.671875
364.123272185,355.632629395,115217.9375
340.259317597,354.384399414,127735.820312
321.134411445,354.384399414,163410.640625
296.170124837,355.632629395,183776.125
285.117689511,354.384399414,111214.1875
258.075905594,355.632629395,234970.75
206.102319673,354.384399414,439682.65625
204.086719936,353.112915039,172434.71875
201.102213066,355.632629395,548002.1875
178.033225668,354.384399414,119606.085938
176.037587978,354.384399414,2534097.5
149.093927375,354.384399414,357051.53125
144.101992304,354.384399414,209192.46875
138.054874835,356.880401611,195236.109375
103.038908263,355.632629395,305375.59375
320.196580992,276.510955811,570920.5
290.186142279,275.260681152,1002687.375
255.11017082,270.292053223,16272144.0
234.125896156,270.292053223,4588920.0
217.105534671,272.772583008,433230.46875
202.133939845,271.532012939,283147.28125
192.121025225,275.260681152,172112.8125
176.098021459,269.051300049,327710.6875
130.064538776,276.510955811,650694.8125
77.0382720592,275.260681152,416254.40625
420.151286134,518.418518066,509081.59375
332.096348945,520.911010742,997837.625
270.084827718,518.418518066,897558.25
193.097301148,522.165161133,768872.0
174.076153757,518.418518066,321601.53125
138.04291833,519.66229248,1210134.25
106.0651421,518.418518066,2753750.5
540.201237323,648.570800781,195449.484375
366.213306235,649.912719727,207961.71875
366.108544003,653.938110352,280364.5
343.128784477,647.226989746,280718.5625
291.163054907,647.226989746,1739650.125
270.23663384,651.251281738,653389.5625
220.066846731,648.570800781,178830.625
150.013641357,649.912719727,115744.335938
114.054960954,651.251281738,173497.90625
76.0393266135,651.251281738,1492320.625
70.0650406502,651.251281738,285396.15625
265.111417962,1065.73327637,79394632.0
163.097767111,1065.73327637,614882.1875
139.097798665,1064.40710449,5438653.5
432.170744092,643.192016602,170492.203125
381.147595174,639.171142578,619824.375
365.105137835,645.882385254,1364586.375
301.142565559,643.192016602,174117.6875
146.09236291,639.171142578,258949.1875
92.0591447902,641.850463867,333760.6875
91.0519662725,639.171142578,322628.4375
430.131679161,289.134521484,360579.875
358.072006186,291.624969482,189784.015625
179.127793837,291.624969482,233653.765625
660.114838188,454.364257812,102773.179688
298.096672203,449.391967773,920772.0625
256.117679204,454.364257812,123326.023438
252.108881463,451.87588501,196422.21875
209.0686656,451.87588501,189996.046875
204.960720213,450.632354736,209242.203125
105.042336695,453.120697021,173142.59375
82.0525744909,453.120697021,149148.59375
393.211205145,276.510955811,570995.625
279.189751837,280.299865723,161434.046875
274.154513491,277.76739502,1217103.0
247.107521414,279.031036377,3018671.25
148.096729103,276.510955811,200240.484375
299.662162518,608.867736816,124621.632812
250.050846173,610.180053711,185605.953125
224.128031603,610.180053711,595847.8125
218.063434802,611.496826172,519756.59375
164.029338352,611.496826172,491901.6875
122.069732342,611.496826172,332079.4375
121.062634153,611.496826172,185516.921875
111.066539883,611.496826172,357137.9375
74.0600137492,610.180053711,1015100.125
412.207555058,579.153259277,2418303.75
396.131286708,579.153259277,109098.367188
302.037600331,581.712463379,128975.578125
287.163197581,581.712463379,167629.328125
255.119764855,581.712463379,165813.046875
234.076898237,580.430541992,424033.125
225.131310309,580.430541992,112341.929688
194.117551701,580.430541992,301207.59375
179.054992382,584.281799316,304696.84375
153.053702383,582.99597168,892964.375
139.122960009,580.430541992,795813.4375
111.066564074,582.99597168,392893.0625
102.05494567,584.281799316,304270.21875
654.331640497,214.799118042,165750.75
416.227800651,213.528076172,107154.117188
386.103657366,213.528076172,100468.328125
293.692320543,214.799118042,118212.734375
481.244132666,296.607910156,106195.21875
324.191561557,296.607910156,569998.9375
317.113092649,296.607910156,218538.0625
263.102416843,297.860992432,554677.6875
209.138448265,295.359405518,103063.023438
175.105979943,295.359405518,123454.6875
152.08367441,296.607910156,302848.71875
145.985551712,297.860992432,186781.421875
93.0572296169,295.359405518,212648.234375
307.158040395,592.070800781,258265.015625
291.664835762,594.663391113,474597.6875
291.163121603,597.239990234,1125715.0
234.076913156,597.239990234,518934.53125
204.065460635,595.953613281,140539.640625
184.073318492,594.663391113,614752.6875
175.094693894,593.369567871,2155698.25
114.06622013,592.070800781,671130.4375
392.207652265,275.260681152,2163970.75
332.233008548,277.76739502,271816.8125
191.117826571,275.260681152,1471347.0
159.067360427,275.260681152,901948.0625
399.127186522,445.691436768,879250.5
265.957117772,448.156219482,199285.78125
263.959326474,449.391967773,248952.671875
250.050773611,449.391967773,538616.1875
239.138834532,451.87588501,483935.75
215.081463038,448.156219482,393073.96875
213.09840979,450.632354736,553612.875
210.079500913,449.391967773,978496.375
165.113535455,446.924346924,188390.484375
139.050193257,450.632354736,105994.960938
127.122927663,450.632354736,114030.921875
117.002755993,450.632354736,327546.75
455.166389397,534.727416992,272007.625
414.187957213,535.989074707,131450.53125
371.148002046,535.989074707,1665034.5
224.128013453,534.727416992,997823.8125
162.075951522,538.526123047,441900.34375
104.070572144,535.989074707,2079531.5
99.0440453058,538.526123047,145874.859375
322.104818385,371.002624512,271441.78125
320.138432869,371.002624512,278932.15625
287.143406593,372.262969971,799399.75
255.136916438,372.262969971,591588.5
242.13832376,372.262969971,861142.8125
221.169475408,374.753295898,243649.03125
75.0683420309,863.779785156,269773.65625
324.845407751,371.002624512,210095.34375
294.035614669,371.002624512,125428.71875
287.152356288,372.262969971,234060.5
249.0804076,369.728210449,185595.4375
196.096927545,369.728210449,622617.4375
188.128125804,371.002624512,368272.375
74.0236008873,371.002624512,159639.6875
523.102492264,437.047912598,112606.492188
462.151534932,435.816009521,416768.09375
458.159371142,438.280792236,193211.265625
397.079201255,438.280792236,240938.3125
317.112833296,439.515472412,190477.671875
304.993372287,438.280792236,106872.710938
286.047013294,438.280792236,109375.929688
252.108689568,437.047912598,115705.65625
250.050794486,438.280792236,1088398.125
239.138931492,438.280792236,401983.71875
195.087536001,438.280792236,424139.96875
193.094556619,438.280792236,257364.5625
115.038833728,438.280792236,104143.0625
114.031627213,438.280792236,144289.6875
287.163154687,593.369567871,166142.0625
174.091357128,593.369567871,18147190.0
111.066533606,590.769042969,485522.15625
307.158018628,632.506103516,289013.125
191.117774827,629.856079102,4307457.5
170.08116406,636.5,1139901.25
127.050188052,636.5,699622.8125
116.070592495,636.5,1591758.75
111.066529202,633.8359375,317594.28125
100.112044654,632.506103516,1687766.875
298.096657832,659.335083008,467809.625
238.092117894,655.286987305,120216.1875
212.076514666,652.592346191,121335.117188
170.081157302,656.637390137,509711.4375
137.045788426,660.686401367,116030.460938
117.065841991,651.251281738,103450.742188
102.054905745,657.984741211,291336.625
213.975511598,628.539123535,200750.859375
203.052565667,631.179382324,283349.0625
198.097236044,631.179382324,176152.59375
192.121146839,629.856079102,517784.84375
177.024625506,632.506103516,153606.546875
146.081171922,631.179382324,112978.710938
144.065532534,633.8359375,441864.625
128.017708384,633.8359375,246887.265625
124.006291697,631.179382324,240731.796875
328.173595721,262.765136719,160440.78125
316.238091262,260.21206665,158128.84375
259.107489269,260.21206665,111509.296875
203.117921522,262.765136719,121641.664062
235.912848901,499.595458984,521558.4375
189.073365034,497.074432373,414264.09375
184.117973588,498.33013916,304241.5625
174.091358321,499.595458984,279236.3125
171.112759913,499.595458984,1936532.125
139.050156706,498.33013916,3518957.75
103.955332325,499.595458984,156044.453125
304.117796666,253.79776001,216196.0625
234.13338953,251.23550415,243036.359375
225.102221729,253.79776001,108994.5
187.122892591,249.95690918,146857.171875
73.0647285484,251.23550415,370406.03125
313.116080128,1056.44580078,521069.0625
268.11038003,1056.44580078,645556.5625
250.093277871,1056.44580078,260060.46875
163.097759756,1059.09594727,751841.1875
144.047726572,1056.44580078,5504353.5
141.085158972,1056.44580078,237701.5
459.198441875,522.165161133,1885936.0
343.164839782,524.690368652,182960.359375
335.094494515,524.690368652,164169.21875
309.041716861,524.690368652,414567.15625
291.163150798,524.690368652,712168.875
287.163195835,522.165161133,238298.28125
268.103749454,525.954956055,407269.875
231.047453702,523.426391602,153209.890625
214.090851596,525.954956055,538376.625
170.081161282,522.165161133,1541602.375
140.068175842,525.954956055,210910.578125
116.07058657,524.690368652,532672.875
115.069587607,524.690368652,220223.109375
270.236632006,615.448913574,751525.625
110.071250714,618.084411621,517405.84375
305.251494776,350.522644043,104716.28125
242.138491748,351.822265625,501412.96875
229.097111349,347.922668457,223276.75
191.081445529,347.922668457,119631.9375
154.097392928,350.522644043,187843.40625
117.054597477,347.922668457,219316.515625
273.029158059,430.899108887,1037097.5625
153.073980088,428.455596924,4513870.5
124.075704491,427.23550415,1198124.0
104.107020874,426.015136719,938005.1875
325.84957788,1363.06616211,136899.015625
282.278910469,1356.22412109,144111.3125
200.172565488,1356.22412109,206456.0
170.081159401,1361.72155762,121607.046875
132.964665166,1357.62280273,188020.609375
758.568819594,227.820709229,236073.203125
482.404960011,223.893981934,131956.34375
424.363005198,225.204849243,107295.859375
385.273497154,223.893981934,117631.6875
354.227350861,226.515274048,233552.125
338.341483002,223.893981934,308558.84375
278.159555327,227.820709229,150861.328125
257.184644348,222.58001709,179406.1875
256.850252229,225.204849243,386068.25
249.184743653,229.128479004,144115.15625
71.0490443841,223.893981934,101997.882812
268.103741693,590.769042969,270600.96875
233.062960352,588.161560059,100284.257812
224.128044735,585.571228027,800795.5
197.987354277,579.153259277,119167.203125
195.987171299,581.712463379,531046.875
193.987969676,589.463378906,281335.25
193.097185085,585.571228027,1252824.625
137.04581019,588.161560059,405265.65625
133.049483148,582.99597168,100105.5
96.0443203565,581.712463379,100761.796875
80.9478753986,590.769042969,138163.859375
176.116343319,1020.3338623,156371.5625
377.145214423,446.924346924,10309306.0
256.165272755,441.98828125,116484.601562
241.154484834,446.924346924,108291.5
219.000297792,446.924346924,112942.507812
107.049139165,445.691436768,375127.8125
246.059555267,534.727416992,231783.625
328.160058739,508.480987549,159140.109375
291.163056925,504.705352783,787828.5
291.047409274,508.480987549,445707.75
287.163237869,508.480987549,223585.859375
270.118061519,508.480987549,898045.0625
249.094246085,508.480987549,5892637.5
228.097696075,508.480987549,434085.25
144.101843524,509.728393555,176845.328125
112.05053123,507.229370117,1039566.125
417.774385658,1369.68579102,166341.625
415.776179356,1369.68579102,570700.0625
413.778012104,1369.68579102,901427.625
411.77986578,1369.68579102,529592.8125
405.331911211,1369.68579102,106208.421875
328.841852825,1369.68579102,200978.671875
281.82023492,1369.68579102,102677.03125
194.117617758,1363.06616211,636249.1875
181.022165991,1367.05725098,285269.625
154.946563562,1368.37426758,139955.796875
212.095076476,560.116821289,9368001.0
117.054627424,558.836425781,212232.6875
328.123685386,479.751190186,114039.671875
267.171708892,477.276672363,147296.34375
120.065514495,478.516235352,104231.242188
328.196319023,356.880401611,434795.59375
303.133735791,356.880401611,106813.351562
276.983779077,355.632629395,339418.53125
213.096221589,356.880401611,232851.625
115.075346303,355.632629395,102488.6875
268.110419313,1069.71008301,384338.53125
358.918297469,1292.59619141,113243.6875
318.899990831,1294.35375977,296078.46875
252.928140451,1290.83361816,185252.921875
202.921546899,1296.28027344,307569.6875
136.949793512,1294.35375977,167231.828125
417.774337026,1363.06616211,151201.796875
298.149431004,456.867736816,156080.109375
289.068207657,458.130554199,137913.46875
239.138830238,456.867736816,396621.59375
212.095038851,456.867736816,8193030.0
152.070613632,456.867736816,753782.875
114.127749106,458.130554199,277951.03125
415.100996489,451.87588501,320847.53125
287.163301136,450.632354736,238133.140625
212.095051963,451.87588501,8161383.0
205.070687936,451.87588501,256791.671875
162.076081509,451.87588501,245642.484375
391.283972997,470.994689941,220821.875
316.087346749,472.265136719,213396.75
237.055832163,473.530578613,139022.203125
243.684489318,242.197296143,849911.6875
191.16409919,243.499801636,100761.882812
267.107131503,1056.44580078,4234884.0
395.128388728,579.153259277,955045.75
325.087867038,579.153259277,844160.25
190.012549897,579.153259277,1629658.625
175.09471046,576.610473633,3751780.5
162.112438003,579.153259277,568309.5
162.091309401,576.610473633,259674.53125
234.917742394,332.294006348,200637.546875
298.096701975,438.280792236,928682.375
249.086970827,437.047912598,170000.140625
212.095062527,438.280792236,6298152.0
210.079508551,439.515472412,889461.8125
187.057612279,438.280792236,1021884.75
182.165210817,435.816009521,368134.15625
127.12293362,441.98828125,117882.882812
111.116820581,441.98828125,159903.296875
313.116099881,1081.69067383,322200.15625
266.114847452,1084.35620117,6049476.5
163.097760766,1084.35620117,373827.21875
141.085123045,1084.35620117,125562.726562
382.146514532,522.165161133,280966.09375
159.027577113,520.911010742,175768.109375
115.086644907,520.911010742,181341.046875
452.321492386,219.96472168,290956.8125
251.046543594,223.893981934,154272.890625
97.991346464,575.343811035,645696.4375
251.102492155,355.632629395,316008.15625
240.122972678,356.880401611,209857.5625
227.175346879,355.632629395,391989.5
174.076097342,355.632629395,188840.703125
132.076707658,355.632629395,173371.09375
127.038952961,355.632629395,116870.835938
98.060052384,355.632629395,141073.9375
205.097196124,607.561218262,273902.21875
204.08670305,607.561218262,441925.75
178.008666116,606.261474609,140979.5625
170.081200561,607.561218262,2252779.25
166.086310754,607.561218262,416409.625
150.058354466,607.561218262,593128.875
136.061799413,607.561218262,1507286.5
127.05022374,607.561218262,1408889.375
114.066243937,607.561218262,5133200.5
112.050527512,607.561218262,399128.90625
269.233339323,615.448913574,5059584.0
317.120928688,302.940124512,103033.945312
312.165138843,302.940124512,220549.828125
275.138679374,304.225158691,127054.75
231.124376322,302.940124512,181241.875
221.074289105,302.940124512,204938.421875
180.065475067,302.940124512,582425.5
103.038943063,302.940124512,548570.625
434.203183053,556.277587891,4985533.0
224.127974778,560.116821289,959771.875
197.987426152,556.277587891,109299.421875
195.987126913,557.5546875,526075.375
133.031731115,558.836425781,105649.648438
339.176046885,404.499206543,621976.0
301.118167479,404.499206543,107739.070312
284.125456739,401.974395752,168009.40625
235.912851666,404.499206543,855073.3125
233.914698289,404.499206543,988635.0
228.086671115,403.232269287,159756.34375
193.097368167,403.232269287,469037.125
173.092144342,404.499206543,107932.710938
144.138302412,404.499206543,126200.3125
141.113448049,404.499206543,1893500.75
133.016265008,405.780395508,276107.65625
132.101825319,400.730316162,232481.671875
112.086952757,404.499206543,102103.398438
104.070581959,403.232269287,915739.125
103.955291,403.232269287,164658.125
308.17575788,233.055664062,571075.6875
294.118063812,234.365692139,219716.375
250.999950566,229.128479004,132301.640625
223.096415425,231.7449646,177242.8125
119.085297566,231.7449646,156202.359375
111.06652338,230.435745239,449343.5625
269.233286131,647.226989746,4478523.5
250.133682763,649.912719727,132617.703125
194.084513165,639.171142578,215295.34375
336.191709651,265.302825928,358121.84375
320.196574185,266.558380127,572185.0625
237.169595462,266.558380127,332906.65625
217.105520332,267.807281494,432173.75
316.160150387,441.98828125,142911.171875
287.163228002,445.691436768,116280.304688
284.125544521,443.223907471,120182.070312
133.049524471,443.223907471,125771.773438
129.054564029,443.223907471,966247.9375
114.1277456,440.751525879,429696.78125
82.0525484817,445.691436768,185226.484375
192.12116276,546.11315918,3843342.25
312.112258654,1079.01452637,3068491.25
144.047726116,1079.01452637,3227807.75
139.097807561,1079.01452637,3816704.75
312.11226573,1065.73327637,3815864.25
184.096656831,422.34664917,666993.5625
165.054833984,418.661773682,1407466.0
114.127786413,419.891937256,390477.34375
312.112244906,1069.71008301,3812980.25
170.08111399,499.595458984,3801356.0
287.221422949,363.25680542,228862.90625
234.917765995,363.25680542,189343.3125
205.133637448,368.443267822,519089.25
168.94598313,363.25680542,246900.765625
202.921522431,1032.50097656,242522.515625
163.097763093,1032.50097656,636322.4375
145.051052636,1029.81079102,280186.8125
141.085135142,1028.46459961,185051.53125
307.157997668,508.480987549,193954.515625
299.160727325,507.229370117,169234.390625
250.097586056,507.229370117,432467.59375
237.911025534,499.595458984,126986.289062
235.912848004,507.229370117,438760.8125
221.092109575,503.430847168,406424.59375
210.133525766,508.480987549,118918.320312
168.945993661,504.705352783,278832.71875
167.081481742,503.430847168,183397.5625
152.047245056,503.430847168,128474.226562
145.985460158,503.430847168,180523.28125
141.113408706,503.430847168,2843503.0
125.070941291,505.970153809,160858.546875
104.070590268,499.595458984,1793218.25
103.95531017,505.970153809,181595.015625
267.118057993,1048.49975586,762643.3125
146.043477507,1048.49975586,347196.28125
140.094831092,1047.17736816,111028.304688
140.081805882,1040.51904297,3637601.25
267.107198271,1099.18078613,1190705.125
250.093248718,1099.18078613,116503.117188
194.08460792,1099.18078613,147962.625
122.07115066,1099.18078613,3509305.5
351.125803341,478.516235352,141841.09375
307.158092082,480.984313965,147696.234375
287.163186933,478.516235352,283454.78125
239.138816816,479.751190186,394454.40625
239.105892045,479.751190186,213077.53125
224.127997302,479.751190186,642435.0
200.988208536,479.751190186,264637.9375
171.112736424,479.751190186,2019731.625
141.113404273,479.751190186,3420624.0
105.042325878,477.276672363,203349.4375
82.0525546417,480.984313965,124469.710938
173.991198711,416.173980713,1394240.5
144.927472777,417.426422119,271569.8125
105.042320505,417.426422119,111597.53125
70.0481263656,414.900115967,1040688.3125
70.0418104157,414.900115967,260475.796875
138.054916869,494.579772949,1822814.375
137.058814818,492.104949951,2082891.875
113.034551845,494.579772949,3310301.0
103.054222383,490.869506836,623424.125
388.25373777,281.572998047,208260.359375
341.088681251,284.110778809,125003.125
317.113148913,284.110778809,108636.945312
271.177249531,280.299865723,160009.453125
248.110572737,279.031036377,396513.75
237.910870331,282.844787598,214561.953125
235.912729988,279.031036377,847407.375
233.914478537,279.031036377,988389.8125
214.107236423,281.572998047,329665.15625
188.118001638,281.572998047,151878.703125
188.070658293,280.299865723,178884.984375
184.060451681,280.299865723,223549.421875
169.068897611,279.031036377,172484.515625
145.985488822,279.031036377,192194.453125
144.080821549,281.572998047,123360.34375
130.086290601,281.572998047,166417.203125
103.075333311,282.844787598,211449.203125
99.0552883276,281.572998047,118316.40625
114.066194737,648.570800781,614861.1875
139.097796863,1084.35620117,3155283.25
278.116614858,416.173980713,272820.90625
260.925539819,414.900115967,381714.75
110.071287788,417.426422119,163414.125
258.109914295,636.5,1395362.875
150.0583296,636.5,261338.765625
114.066197205,636.5,2859868.25
112.05048705,636.5,207922.390625
239.104201508,255.080963135,196808.8125
190.957327217,255.080963135,101839.1875
161.096068753,257.652587891,136460.671875
149.059742475,253.79776001,265766.75
100.112046535,258.933349609,189286.03125
174.091347596,643.192016602,2796382.75
405.331995697,1382.57824707,134166.15625
370.981823549,1381.31298828,143268.140625
268.175049904,1381.31298828,127170.4375
182.102313024,474.786132812,668043.5
130.049879588,474.786132812,2640596.0
447.233605512,541.061340332,151484.59375
359.09344834,537.257873535,567665.25
263.138841973,539.793457031,131172.015625
224.077751222,535.989074707,1150482.5
248.035145719,384.624694824,2477446.25
219.112733162,316.89251709,116287.4375
233.914696509,332.294006348,1870323.0
233.128349978,329.695495605,2397371.75
105.953519128,329.695495605,117411.90625
414.985651544,675.547485352,149178.59375
189.123325353,672.878356934,340649.1875
170.081136528,672.878356934,481537.5625
166.086288471,672.878356934,111815.820312
147.076362423,676.882446289,187833.421875
132.065505231,676.882446289,496307.28125
127.050182633,672.878356934,348200.84375
120.065523395,676.882446289,395795.25
114.066207131,672.878356934,1055984.0
187.057598057,535.989074707,272172.3125
114.066212149,535.989074707,2388803.25
269.233366922,546.11315918,2355929.0
325.112710299,655.286987305,195796.65625
299.662294231,649.912719727,102889.351562
224.127998076,649.912719727,467079.46875
202.921536252,1096.47143555,226501.796875
139.09780007,1092.42529297,2227220.5
171.112628919,444.45791626,2193085.5
170.081138161,772.007019043,549895.4375
147.076391327,772.007019043,101644.070312
137.045794132,772.007019043,138682.953125
127.050184406,772.007019043,682626.875
116.070599248,772.007019043,881465.625
114.066209622,772.007019043,2132346.75
213.098431345,479.751190186,572936.1875
148.096729706,477.276672363,352963.0
146.980294666,472.265136719,2122224.0
145.985471213,472.265136719,209677.109375
224.12801914,682.243286133,405221.4375
202.921556923,689.090454102,242789.734375
156.076783887,682.243286133,486135.71875
137.045785312,684.956115723,119489.210938
348.210429714,280.299865723,301883.09375
295.101183729,280.299865723,114947.070312
229.141224423,279.031036377,2028152.75
118.122598748,279.031036377,207728.34375
293.149319219,262.765136719,107604.5
243.112464506,262.765136719,402281.65625
242.283876661,262.765136719,866909.0625
235.912743194,262.765136719,1048605.375
225.068979805,264.038299561,600345.3125
219.094975943,262.765136719,412600.375
198.039813755,262.765136719,336278.9375
177.127407426,261.488769531,251967.25
172.096797532,264.038299561,188277.875
152.070570742,265.302825928,278456.21875
105.042347985,264.038299561,175703.984375
233.914706454,309.335266113,1938832.875
206.081196809,302.940124512,872096.0
123.055263009,315.631591797,104627.867188
114.091368926,309.335266113,1451026.375
80.0494658488,304.225158691,133511.515625
347.149210732,480.984313965,316247.96875
325.154169189,480.984313965,217571.515625
243.062721633,483.454681396,306836.21875
138.068301032,482.219085693,389438.15625
119.035108987,483.454681396,200857.578125
81.0335033667,482.219085693,1938778.5
200.200833553,1351.86108398,100727.570312
391.283956218,464.555999756,221327.015625
235.912870643,461.973358154,718606.5
234.91775218,461.973358154,158360.875
199.169243817,464.555999756,472872.78125
159.11280161,465.845275879,397307.625
147.983641009,460.690795898,107862.132812
112.086902956,467.136291504,119358.992188
112.05051149,468.425720215,333629.15625
105.042331175,468.425720215,138500.328125
82.0525578457,469.711791992,109543.0
297.068905009,603.675537109,149610.671875
269.044563036,606.261474609,128536.359375
171.026310311,604.96685791,150999.1875
134.044751374,606.261474609,1789736.25
226.09024268,399.492126465,127338.820312
171.112746179,401.974395752,1751122.0
140.070547381,397.028076172,235612.65625
105.042370198,395.798156738,300987.25
332.144985732,408.36907959,146812.21875
203.031615276,408.36907959,146452.125
154.097414063,408.36907959,247566.84375
114.127736905,408.36907959,316171.90625
305.251443101,306.792785645,117663.101562
235.912869088,309.335266113,1733987.75
169.068850038,309.335266113,225764.484375
145.985491531,306.792785645,308154.9375
117.054610045,304.225158691,163456.765625
105.953536166,309.335266113,121360.742188
100.112050975,311.857666016,205591.609375
233.9146817,1412.48266602,1731247.625
250.123643804,487.164764404,1729976.0
250.117374222,485.928710938,570017.1875
233.914705483,342.705291748,1725646.875
291.163068661,565.214355469,1032075.5
232.144329493,565.214355469,266547.90625
190.012490433,565.214355469,299637.625
166.053247,567.754760742,1272026.0
162.091296997,565.214355469,322249.59375
139.058294688,562.66784668,114903.90625
137.045771977,566.485839844,288463.8125
123.043981665,567.754760742,186770.515625
282.278891626,363.25680542,203803.78125
233.914726298,363.25680542,1684358.125
174.102586394,358.136901855,147106.90625
174.091357352,365.855041504,185703.34375
322.847313387,1405.1270752,131889.28125
305.120755556,388.360778809,253961.640625
235.912875698,390.856842041,696028.125
194.084559074,390.856842041,234560.40625
182.165185519,389.610351562,288011.125
145.985545962,388.360778809,174912.765625
125.107346387,389.610351562,415088.96875
114.127707293,388.360778809,111099.710938
269.233308845,694.646972656,1649682.5
647.458509918,1422.7310791,116369.304688
235.912839033,1414.47387695,1572798.875
194.084604631,960.476074219,132264.390625
104.106957046,960.476074219,1565886.5
325.154481044,353.112915039,146874.4375
235.91286379,347.922668457,1563145.5
104.106978165,265.302825928,1550016.625
233.914689976,1429.77429199,1534365.0
307.659818636,629.856079102,113763.960938
291.163089183,627.227661133,1506868.125
224.127988175,629.856079102,486321.5
150.05829573,629.856079102,198659.296875
118.097433578,629.856079102,142961.5
333.111374963,390.856842041,637534.5625
212.095080325,393.33404541,1504322.25
270.236649304,668.855224609,385220.0625
297.165464443,558.836425781,1046151.625
269.087915993,563.941955566,101873.109375
126.054915952,557.5546875,271085.15625
114.066223321,560.116821289,861337.125
279.104783403,527.212036133,1460408.0
235.080548256,524.690368652,132522.8125
189.095040234,525.954956055,115328.757812
147.065150447,527.212036133,414523.0625
132.065471301,528.466247559,417067.78125
322.847342127,1422.7310791,109070.851562
235.912842001,1423.57299805,1455616.5
269.233298749,702.927307129,1442260.625
127.122957132,705.643371582,342243.5
309.203451503,1401.8001709,124455.5625
235.912840547,1397.20568848,1435083.375
314.207213606,351.822265625,212865.734375
287.221395482,351.822265625,219406.046875
275.048077029,351.822265625,140053.03125
269.994335821,351.822265625,108896.578125
267.996140343,353.112915039,224876.859375
219.112723291,353.112915039,332626.90625
210.112405483,353.112915039,264601.34375
165.048123484,353.112915039,370752.1875
233.91469405,1438.80163574,1360404.75
170.08114393,1439.20300293,121308.515625
146.117528701,1439.20300293,491425.8125
275.073461623,509.728393555,968248.25
269.233308716,716.547607422,1247010.5
245.063012829,713.792358398,187022.03125
191.117809526,716.547607422,666602.0625
420.22080053,247.390258789,105930.132812
270.169720039,249.95690918,124394.03125
185.11720848,246.100006104,101716.429688
163.086563115,246.100006104,194797.359375
258.109963168,700.181396484,175321.828125
170.081137774,700.181396484,582057.5
127.050187406,700.181396484,404565.1875
116.070595955,700.181396484,721754.75
114.066207467,700.181396484,1230977.75
295.078844998,524.690368652,215266.640625
196.990557577,529.717102051,139339.0
188.091707954,527.212036133,1228992.875
120.065512593,524.690368652,1110524.125
111.066528028,525.954956055,585486.4375
470.150918699,546.11315918,203210.875
309.179127114,233.055664062,120238.296875
236.112786007,234.365692139,136901.4375
287.163227028,458.130554199,307822.09375
187.086565726,458.130554199,1183253.5
145.98546972,461.973358154,219290.28125
139.050219136,460.690795898,121554.242188
127.122958024,456.867736816,114438.257812
112.08688066,456.867736816,112240.804688
105.042333309,461.973358154,169411.21875
82.05256059,459.408294678,144014.15625
230.113423713,404.499206543,102772.09375
147.065139813,405.780395508,1178198.5
126.054941352,404.499206543,128176.84375
283.138606461,394.566711426,143241.078125
171.112775825,393.33404541,1169566.625
345.077856419,569.020874023,339397.21875
285.105433974,571.550476074,534381.125
260.052921583,571.550476074,1154862.875
202.921554614,946.172302246,212969.546875
194.084593539,451.87588501,671943.75
172.116059701,456.867736816,225534.171875
146.081159796,458.130554199,362674.0625
122.081135468,458.130554199,389671.25
111.066522165,458.130554199,873790.3125
105.073952978,450.632354736,134794.34375
86.0600163163,456.867736816,153747.3125
233.128352712,353.112915039,1131503.375
374.21710203,301.66116333,324979.5
314.207118056,300.386108398,230862.875
261.121287754,297.860992432,129135.695312
231.112718852,302.940124512,565192.8125
207.058640107,302.940124512,186868.984375
197.128470928,302.940124512,291186.09375
184.060453483,302.940124512,245298.15625
176.081837028,301.66116333,236677.6875
229.140967068,360.674560547,1026931.125
175.086584503,359.399688721,137560.6875
497.187611784,369.728210449,177008.65625
241.154428929,365.855041504,157636.34375
221.169660455,369.728210449,286520.8125
194.084668858,368.443267822,211954.109375
176.037577953,367.153869629,1013649.75
174.07611312,367.153869629,123837.804688
167.038641317,371.002624512,161613.5625
142.086289232,365.855041504,179390.046875
123.055257894,368.443267822,102121.835938
120.055624869,367.153869629,600614.0625
99.055281603,369.728210449,136305.984375
166.086273216,794.68560791,493007.0625
120.065518369,794.68560791,328002.53125
116.07060492,794.68560791,840981.875
114.066213987,794.68560791,438600.3125
325.133597436,240.896728516,152067.46875
259.143934771,239.592422485,220379.71875
99.0553051995,498.33013916,129349.40625
648.461751553,1392.45703125,118314.6875
276.195592818,1385.0892334,119446.273438
158.096414507,1392.45703125,134548.109375
357.214481242,217.369110107,233760.359375
295.195690616,217.369110107,151719.625
294.860878415,214.799118042,279218.125
263.684086722,218.661895752,130013.453125
133.059480332,1041.85095215,255605.640625
123.068194212,1040.51904297,147895.4375
123.074487164,1040.51904297,885099.9375
245.063019557,668.855224609,165577.953125
190.08616417,492.104949951,573206.125
116.072761279,492.104949951,869117.0625
313.116230385,1049.8248291,400433.625
133.059479162,1048.49975586,258784.9375
104.106949878,623.31048584,858630.3125
245.063022064,731.594726562,164221.5625
202.06856625,731.594726562,129732.664062
170.08114629,731.594726562,359798.25
127.050184058,731.594726562,276552.0625
114.066219368,731.594726562,794189.375
269.233329766,744.987731934,789590.25
237.911049634,309.335266113,364732.1875
234.91779081,309.335266113,197841.6875
130.086289287,306.792785645,219492.875
115.09470081,309.335266113,119043.484375
111.066529692,309.335266113,774638.5625
421.132150257,610.180053711,111526.179688
270.236702142,608.867736816,773879.5
137.045825622,607.561218262,240210.6875
270.23663232,627.227661133,757233.25
354.079685639,285.373596191,114727.257812
348.210171382,285.373596191,237306.53125
344.227784853,286.632751465,289482.375
343.295362629,286.632751465,255631.3125
314.207203685,284.110778809,192316.90625
287.221541454,286.632751465,175020.046875
282.278779307,286.632751465,177965.46875
251.037070834,286.632751465,499744.96875
213.099011955,285.373596191,109937.078125
201.123462198,285.373596191,111211.09375
146.096407394,287.886901855,484698.0
145.985511102,285.373596191,166936.578125
111.066525791,282.844787598,454161.5625
100.112029907,284.110778809,175827.15625
139.122952345,565.214355469,736847.8125
269.233334316,753.088195801,724873.9375
245.063041351,751.733947754,129312.710938
194.08463577,751.733947754,108629.375
181.089872598,623.31048584,720802.3125
148.982139689,623.31048584,306973.625
325.165705705,682.243286133,719510.625
150.054959962,419.891937256,706593.25
234.07689367,498.33013916,692507.5625
269.233336343,474.786132812,657375.4375
128.070582987,472.265136719,174947.625
111.116798425,472.265136719,240157.546875
349.053210708,456.867736816,167917.859375
213.098398608,455.612670898,641339.0
191.117814531,896.721313477,142126.84375
170.081150936,896.721313477,640489.5
150.058271947,896.721313477,206715.046875
116.070601661,896.721313477,532032.0
114.066209254,896.721313477,470204.75
213.098401317,1129.79406738,120521.1875
174.091346311,716.547607422,638893.3125
162.929005537,666.139526367,145573.875
156.076778662,663.405578613,635585.125
318.131162436,479.751190186,214558.15625
260.089065828,479.751190186,586607.75
258.169778901,480.984313965,197027.5625
132.101964137,482.219085693,230545.890625
98.0600408925,479.751190186,143516.140625
312.112289569,1128.38024902,457256.59375
144.047741357,1125.5402832,583355.0
170.081140493,811.738342285,379338.40625
127.050181379,811.738342285,125084.25
269.233327436,766.610839844,572654.75
190.107288168,401.974395752,569178.125
303.006400342,597.239990234,135862.59375
270.23680336,597.239990234,513741.4375
203.052558245,595.953613281,338499.09375
269.23333283,772.007019043,544193.25
287.221405538,338.797607422,228305.140625
282.278863754,338.797607422,223397.328125
196.09683501,346.622467041,415668.28125
170.117515957,341.400848389,146389.890625
165.04812822,341.400848389,174306.578125
105.953532814,341.400848389,110340.554688
77.0790392123,469.711791992,537359.9375
212.094974481,421.119750977,536027.5
139.1229722,552.450073242,531845.6875
229.140947296,1434.88183594,531605.8125
168.06889685,1432.47387695,334866.78125
146.117522846,1434.30554199,516887.96875
81.0447450533,1433.7130127,417198.6875
202.068545252,722.061523438,137773.203125
174.091340037,726.177062988,528651.125
229.140934055,1405.1270752,526115.0
188.128086318,1405.1270752,100412.335938
325.154592033,251.23550415,110468.359375
282.278863837,260.21206665,215886.734375
167.081521809,264.038299561,145459.96875
99.0552771584,257.652587891,136457.0
127.050178589,690.47644043,227762.40625
114.066205109,690.47644043,517312.90625
503.205750255,270.292053223,470965.40625
468.258569184,271.532012939,514676.125
162.091227502,271.532012939,287770.84375
146.059672414,266.558380127,303319.78125
313.116111667,1065.73327637,511238.75
500.712760907,1369.68579102,131848.4375
352.908873193,1363.06616211,203894.953125
309.203419021,1365.734375,508371.9375
283.818519624,1367.05725098,132268.625
274.931445208,1363.06616211,155290.421875
154.052977324,1365.734375,178056.484375
147.983623332,1360.36804199,222139.453125
145.985476863,1360.36804199,451205.25
191.117822558,731.594726562,504275.59375
212.979569561,676.882446289,122680.695312
127.050249218,585.571228027,494590.46875
171.112632839,419.891937256,493483.6875
229.140948156,1426.79821777,491352.375
104.106961844,1426.79821777,440698.15625
114.127801372,433.354248047,475524.75
82.05252776,435.816009521,128144.835938
269.954557766,1369.68579102,108738.070312
267.956421936,1370.99230957,119245.335938
234.917951931,1368.37426758,471209.6875
152.948399262,1369.68579102,277834.09375
269.233330842,786.72869873,470010.4375
194.084604101,782.731201172,117717.765625
191.117821197,740.969299316,445077.78125
244.092560672,588.161560059,434251.125
205.097144774,590.769042969,260686.21875
151.072624349,588.161560059,158479.625
112.05051162,588.161560059,432066.875
269.233334386,440.751525879,429673.53125
127.050150435,438.280792236,202710.671875
154.049898698,451.87588501,426087.0625
196.096834772,350.522644043,421804.40625
402.205424258,558.836425781,411021.4375
146.081167824,363.25680542,410908.375
268.103834228,534.727416992,408511.46875
263.073467736,533.470703125,170510.953125
282.27888181,320.685974121,190605.828125
196.096847036,324.523681641,406215.46875
111.066518148,205.810394287,403962.96875
191.117819453,753.088195801,403653.5
413.159800846,793.36328125,136143.640625
269.233327464,796.006774902,402987.0
265.118072758,328.398376465,146124.25
192.159450791,328.398376465,402029.4375
224.128028483,828.696289062,401173.78125
191.117816667,827.39654541,173908.921875
137.045750658,560.116821289,400845.09375
114.066214774,803.899230957,393218.96875
162.076049647,477.276672363,390412.25
196.096853698,329.695495605,383264.9375
237.911033445,1429.77429199,311326.625
146.117523086,1429.05493164,379801.09375
97.991332184,482.219085693,377437.375
172.133131846,392.097442627,375734.28125
269.2333362,803.899230957,373488.1875
136.94980859,806.513000488,121417.304688
214.090839376,478.516235352,372345.78125
129.054588146,537.257873535,370480.03125
168.068906112,1426.79821777,367637.65625
168.946191985,419.891937256,366057.40625
208.162543067,374.753295898,365666.03125
206.081273797,404.499206543,365026.65625
137.045787644,1350.35754395,364569.53125
116.070542328,393.33404541,360885.46875
170.081134163,801.27130127,355200.28125
325.043118351,569.020874023,353875.65625
105.042335542,23.5747852325,351677.34375
237.911042521,1414.47387695,349536.3125
172.1331354,1435.97802734,348955.53125
237.911059877,340.096832275,347070.03125
224.128031278,914.255126953,346167.8125
373.234196959,276.510955811,345319.4375
233.128399173,401.974395752,338337.625
307.158010562,651.251281738,337864.90625
184.060454407,332.294006348,337123.34375
229.140943003,1421.87438965,332882.78125
200.200875895,1420.99841309,102300.984375
116.093067354,805.20324707,332507.84375
526.233087339,207.120864868,103011.898438
147.120881922,209.70753479,108029.210938
325.165710588,777.380310059,168711.546875
191.117823147,772.007019043,330621.5
140.081797324,1136.91113281,329820.96875
145.985500214,332.294006348,326877.75
170.117533092,369.728210449,321227.84375
370.117626735,477.276672363,214959.6875
273.09417732,476.034118652,319882.4375
242.014700288,479.751190186,187631.53125
222.970085516,476.034118652,124297.085938
137.045721737,474.786132812,102678.085938
269.233324919,818.263000488,319754.5625
224.128047978,1084.35620117,319673.90625
860.280133775,375.989776611,316369.625
239.013622502,640.507995605,124287.890625
111.06651122,647.226989746,315635.53125
502.157629341,523.426391602,229931.96875
194.11758025,522.165161133,313845.21875
104.106959411,1420.1081543,313843.3125
145.985502778,324.523681641,309559.46875
208.162362567,419.891937256,215544.375
166.09774816,419.891937256,309230.40625
151.096494834,418.661773682,173486.09375
116.093066736,813.046936035,306664.09375
269.233325773,824.788024902,306240.0
127.0501886,794.68560791,140007.890625
166.086317791,648.570800781,300028.46875
150.058322653,648.570800781,301395.28125
116.093066506,798.643554688,301347.40625
166.086299394,556.277587891,300819.78125
202.068569765,684.956115723,297536.40625
202.921569523,719.30657959,294544.1875
182.165228461,414.900115967,293672.4375
236.916144644,332.294006348,106609.257812
184.0604551,575.343811035,287769.375
170.081135648,682.243286133,287142.9375
245.128252482,373.51184082,165952.953125
145.9855275,364.558013916,279903.1875
224.128043593,1100.53662109,279535.5
213.098353654,1099.18078613,136836.265625
438.378652299,1367.05725098,129644.625
342.240183707,1367.05725098,253198.28125
237.911031889,1439.58422852,276234.34375
103.955256804,1439.20300293,154119.09375
229.101560884,384.624694824,134554.65625
163.042118515,383.388122559,271045.0
135.084484912,384.624694824,249021.53125
75.0260841893,383.388122559,236997.9375
166.08621942,562.66784668,270267.65625
202.921553705,1285.55029297,267165.96875
202.921559135,780.058288574,265607.375
301.168536062,401.974395752,108415.53125
291.104659185,401.974395752,226431.1875
82.0525559538,400.730316162,265542.0
369.078812243,248.676467896,132766.59375
307.155499088,247.390258789,264467.90625
133.085886505,249.95690918,135245.90625
202.921573527,751.733947754,264386.90625
170.081143166,906.115112305,263535.0
118.122593091,374.753295898,263252.3125
205.070641016,458.130554199,262750.875
202.921562639,788.06036377,261791.15625
116.093063814,790.715820312,194629.84375
391.28403146,514.696960449,261554.46875
402.205567651,594.663391113,260566.234375
168.945990549,329.695495605,260167.296875
202.921567407,820.872680664,259938.25
267.17176503,347.922668457,202699.1875
150.077539038,342.705291748,149564.0
111.116807412,349.225036621,257958.109375
202.921560236,814.353881836,256302.8125
191.117813713,811.738342285,222241.0
202.921489369,1056.44580078,255882.03125
202.06856085,700.181396484,255191.6875
140.101126034,1075.015625,255122.953125
133.059450403,1081.69067383,124929.820312
202.921557901,731.594726562,252798.640625
170.081143057,961.918701172,250415.296875
202.921564128,870.309570312,248437.203125
136.949802679,871.616821289,114635.054688
202.921566941,837.792114258,246961.640625
245.063017626,683.597106934,246547.328125
202.921571544,799.959777832,246525.953125
306.168512024,474.786132812,180069.625
287.221434984,473.530578613,246198.125
263.073491732,637.834594727,141369.90625
203.052544123,636.5,245542.578125
114.066213645,747.681884766,243144.71875
166.097567163,465.845275879,242645.59375
202.921568773,887.404174805,242145.25
133.097130732,886.080993652,172889.375
160.03450322,571.550476074,241262.671875
382.146628595,515.936401367,241252.515625
391.283890349,441.98828125,241225.515625
152.047360469,449.391967773,105807.5
399.026724,289.134521484,184063.640625
238.128322391,287.886901855,237264.734375
176.128166565,286.632751465,119837.703125
164.107041871,289.134521484,164247.25
123.055253659,287.886901855,178230.78125
169.985737459,635.166687012,166145.90625
647.458428504,1391.24816895,233534.15625
405.331990599,1391.24816895,127138.945312
276.195579579,1413.48608398,109507.796875
194.084614045,1412.48266602,105125.78125
168.068876736,1410.4407959,201431.65625
104.106957402,1414.47387695,221268.09375
82.0525521703,1410.4407959,159666.8125
202.9215639,855.974487305,231987.46875
137.045879429,575.343811035,231575.984375
432.280177036,275.260681152,231479.015625
202.921561042,879.489013672,231377.6875
202.92150837,1051.14892578,230341.65625
202.921571386,929.360107422,229385.28125
202.921570262,915.618652344,228705.546875
202.921556938,953.282897949,227581.8125
184.060445621,346.622467041,227007.265625
258.109925897,672.878356934,226534.515625
162.92900365,701.556274414,225651.6875
241.154457157,469.711791992,116951.859375
152.047271651,469.711791992,111820.148438
142.116860894,474.786132812,224720.765625
125.070947059,469.711791992,224493.328125
174.102578308,333.593078613,224187.671875
190.107330467,256.365753174,223189.609375
202.921566801,1345.70471191,222501.03125
202.921548305,1002.34399414,221505.03125
265.118060087,318.152984619,221107.6875
202.921556847,666.139526367,220855.890625
170.081146715,870.309570312,220608.125
145.051062057,1075.015625,219946.15625
170.081128708,1031.15612793,133657.546875
133.059447872,1032.50097656,219581.578125
391.283910688,482.219085693,217894.625
202.921496498,1020.3338623,217500.46875
167.081527611,460.690795898,217256.6875
202.921558803,896.721313477,216595.265625
189.114134034,636.5,101633.328125
118.097405983,636.5,215958.8125
175.119011638,1061.75512695,114033.945312
133.059490987,1060.42480469,213887.0625
202.921570475,906.115112305,213131.015625
202.921526086,1075.015625,212985.234375
82.0525510632,1433.7130127,212773.171875
202.921550246,1260.40209961,210876.6875
291.10132475,301.66116333,210865.265625
287.221439328,299.119934082,184145.046875
216.086635603,301.66116333,165946.28125
202.921568674,982.232177734,210390.765625
202.921558175,1126.95397949,209029.953125
202.921517924,1081.69067383,209026.03125
202.921563108,970.606384277,208592.234375
170.081150863,827.39654541,208083.0625
202.921570702,1101.89770508,207320.0625
144.065503225,477.276672363,206863.484375
127.050174717,660.686401367,205523.609375
170.081149371,751.733947754,205514.5
194.08461232,1069.71008301,157503.40625
143.039561412,1065.73327637,101678.054688
141.085160399,1067.06347656,204335.28125
362.289824906,1394.85180664,204040.859375
268.17506401,1397.20568848,115676.414062
200.200856074,1396.03088379,114668.835938
270.10796104,439.515472412,202148.734375
236.072602046,438.280792236,123560.546875
202.921551861,963.374755859,201824.296875
167.081494323,449.391967773,201405.71875
162.091330077,551.179016113,201069.859375
202.921513838,1065.73327637,200971.109375
314.10807824,1069.71008301,200860.90625
143.117894772,890.060913086,199773.1875
223.153766611,280.299865723,129189.554688
119.089640895,279.031036377,198811.109375
139.050183247,253.79776001,198217.578125
202.92155348,988.036315918,198009.984375
313.116069749,1099.18078613,197122.828125
282.278953028,313.116485596,195995.359375
202.921568421,1176.84338379,195873.671875
170.081147575,780.058288574,193951.453125
170.081149801,939.104919434,193926.25
194.084633536,1018.97363281,132239.765625
130.097493677,1021.69329834,193590.78125
189.123313756,700.181396484,192952.484375
147.076362397,700.181396484,102562.3125
202.921490802,1044.51184082,192931.671875
268.138859917,479.751190186,191359.625
105.953538492,319.419128418,110387.34375
100.112047599,316.89251709,191073.828125
271.121461148,508.480987549,121490.796875
86.0596740498,378.456054688,190162.265625
210.112450613,306.792785645,189393.625
105.04233278,439.515472412,188144.71875
861.274211331,378.456054688,187414.65625
234.917708938,264.038299561,187309.703125
170.081141096,757.150146484,186319.234375
133.059463462,1067.06347656,185701.84375
170.081150823,926.593017578,185192.875
202.921563103,1112.91760254,183958.25
102.05498555,435.816009521,182191.296875
287.221410785,441.98828125,182023.875
324.845485227,1407.29003906,181871.796875
420.100080506,598.525817871,180476.75
142.116850049,450.632354736,179317.65625
399.144247814,716.547607422,178836.34375
272.185245782,392.097442627,177715.03125
210.049951109,495.824157715,176526.359375
312.112255796,1155.89501953,175709.640625
213.098406197,1157.35925293,123849.601562
376.211687007,297.860992432,175012.9375
241.203439793,320.685974121,174710.71875
269.233339701,887.404174805,174588.03125
158.081243148,353.112915039,173993.015625
194.084721759,286.632751465,171840.15625
100.112041971,332.294006348,170676.796875
170.117525027,1408.35400391,158059.890625
143.039604156,1406.21350098,168453.828125
100.112045565,358.136901855,166776.5
202.068553189,715.168518066,166384.703125
324.845490612,1414.47387695,165652.28125
168.06884899,1405.1270752,110866.585938
104.106958686,1402.92089844,164294.0625
133.049403988,520.911010742,163174.15625
299.160619805,500.867706299,162963.5625
170.081151872,943.332458496,162520.71875
247.107526828,324.523681641,162070.75
141.085140167,1077.67883301,161720.96875
381.07908283,643.192016602,158871.78125
269.233311669,895.389099121,158113.265625
103.955259594,1425.2166748,157096.40625
166.057810132,418.661773682,156886.984375
229.140917064,1387.57409668,156318.375
413.159839971,777.380310059,156107.078125
194.084601368,778.717285156,119057.929688
170.11752707,1437.93908691,155971.046875
191.102643684,701.556274414,155609.734375
170.117518803,1434.30554199,154403.453125
213.098409032,1040.51904297,153487.625
279.158856882,480.984313965,152683.625
409.159980289,443.223907471,152656.0
137.983794399,508.480987549,151615.15625
282.278878711,1432.47387695,151504.859375
194.084600596,773.352478027,120940.695312
312.112292964,1166.24987793,149948.5
213.098397551,1163.27526855,122200.617188
350.184928737,382.152709961,149943.96875
194.084579074,1077.67883301,149732.03125
267.171714316,448.156219482,149321.484375
180.086584706,811.738342285,148915.625
244.290621776,28.9570198059,148738.25
194.084592907,926.593017578,148332.21875
170.117517424,333.593078613,148284.234375
150.077242284,628.539123535,147834.796875
314.207181593,208.42149353,147437.5625
99.0552746114,207.120864868,102780.398438
647.458552422,1408.35400391,147224.28125
324.84549241,1419.20288086,146976.3125
99.0552801452,310.597259521,146506.265625
103.955267829,1433.7130127,145705.109375
132.101876059,417.426422119,145455.265625
82.0525497372,418.661773682,134833.453125
194.08459503,998.092163086,145376.1875
245.063020912,746.333312988,145162.78125
241.154453993,192.537628174,144873.4375
194.084616664,912.900024414,120993.773438
170.081145872,916.983581543,144869.34375
101.115445706,623.31048584,144762.0625
230.144577939,235.676345825,144556.015625
170.117524454,304.225158691,143851.0
74.060025302,535.989074707,143553.734375
117.102219646,449.391967773,143545.515625
99.0552775317,363.25680542,142589.15625
268.103804828,1363.06616211,141630.1875
152.056651699,1363.06616211,123253.757812
194.084582878,1035.17993164,141374.625
194.0846213,1027.11669922,141151.796875
270.236680314,751.733947754,140222.453125
194.084608684,943.332458496,140016.90625
269.233341872,914.255126953,139321.640625
127.050188109,747.681884766,139164.171875
189.113442238,1429.77429199,138950.796875
213.098398743,1085.69311523,137694.296875
194.084586723,1128.38024902,136928.84375
194.084648572,1041.85095215,136711.6875
213.09840981,1118.50939941,136291.59375
170.117523739,349.225036621,136053.6875
99.0552847096,349.225036621,117165.375
268.110614686,1108.77294922,110959.0
163.097770024,1108.77294922,135766.546875
357.168697091,372.262969971,135543.375
282.278900714,1437.93908691,134989.109375
188.128106093,1437.47851562,101226.0625
282.278894276,1434.88183594,134794.578125
221.101950979,309.335266113,134723.40625
194.084614371,744.987731934,134663.203125
341.061986657,579.153259277,102944.390625
326.092068534,579.153259277,134322.34375
290.188896443,204.488555908,132870.859375
166.086285142,896.721313477,132459.171875
136.949805442,694.646972656,132403.84375
194.084574874,1084.35620117,131821.03125
95.0603696649,1437.93908691,130384.359375
191.150189992,855.974487305,129885.5
322.84737623,367.153869629,129351.125
107.04891741,492.104949951,129096.617188
194.084610934,793.36328125,128948.828125
282.278883651,1396.03088379,128756.789062
441.787510201,218.661895752,115463.359375
131.072685456,264.038299561,128107.265625
117.10221543,456.867736816,128048.523438
136.94981297,751.733947754,127699.304688
136.949812228,798.643554688,126376.640625
250.05078278,1345.70471191,126335.203125
194.084611187,906.115112305,126130.953125
142.116878388,246.100006104,125424.554688
344.192743227,620.703308105,125379.617188
256.165379991,299.119934082,125179.773438
250.064303717,299.119934082,111147.953125
394.352428163,1365.734375,125113.890625
325.154600063,291.624969482,125023.148438
282.278873444,1414.47387695,125019.617188
213.098417277,1112.91760254,124398.46875
194.084601178,1150.00939941,124231.671875
194.084615257,890.060913086,123995.164062
213.098408287,1197.07202148,123845.867188
116.001886184,1044.51184082,123702.296875
189.113441199,1416.40600586,123457.195312
194.084592882,1350.35754395,123134.554688
191.150180585,863.779785156,122095.210938
170.081151033,989.485046387,121538.828125
190.050720379,1426.79821777,120686.898438
305.251460317,333.593078613,120511.617188
105.110348682,960.476074219,120358.289062
194.084599316,1186.0526123,120120.664062
245.063017283,757.150146484,118988.804688
256.165460792,291.624969482,118945.429688
213.098378728,1203.5123291,118490.773438
413.159812796,773.352478027,118246.226562
179.023962003,1410.4407959,117988.296875
200.200887789,239.592422485,117943.53125
213.098411907,1064.40710449,117582.539062
213.098416168,1150.00939941,117239.265625
200.176098103,480.984313965,117197.015625
142.116874814,168.470626831,117020.578125
245.063003383,776.038024902,116906.921875
275.978958483,679.557861328,116355.554688
240.969387246,679.557861328,106402.65625
394.352462813,1381.31298828,115930.179688
137.045788684,672.878356934,115849.328125
194.084597134,761.210021973,115094.132812
200.200872461,1407.29003906,114917.265625
194.084656374,185.855285645,114819.65625
357.174075675,624.614990234,114443.703125
179.023970763,1404.02978516,114436.21875
110.071289467,410.99887085,114260.054688
190.050707375,1434.30554199,114187.226562
136.949819383,1084.35620117,113982.390625
125.042670948,449.391967773,113750.164062
203.955615957,727.538452148,113670.171875
137.045802362,700.181396484,113334.695312
213.098389151,1176.84338379,113111.515625
194.084630505,1059.09594727,112590.023438
142.116869904,191.198364258,112535.367188
136.949805514,850.782409668,112433.90625
213.098400288,1223.45007324,112323.015625
326.180848959,455.612670898,112148.367188
170.092350709,557.5546875,111742.21875
194.084779322,248.676467896,111625.679688
172.116100832,286.632751465,111518.820312
647.458385444,1433.7130127,111341.59375
136.949810131,902.079772949,111216.0625
105.953557514,367.153869629,111164.976562
125.037916122,624.614990234,110904.929688
282.278908459,1385.0892334,101518.679688
200.200870735,1385.0892334,110589.726562
82.0525495335,1396.03088379,110474.773438
250.093196156,1040.51904297,110301.890625
307.659655337,648.570800781,110252.539062
322.847370596,1414.47387695,109651.0
208.096850668,464.555999756,105650.882812
120.065510659,460.690795898,109226.507812
112.086872746,451.87588501,108861.210938
143.039580911,1045.84350586,108358.453125
202.068545938,753.088195801,108109.445312
245.063039505,765.261535645,107953.40625
194.084617589,1344.12609863,107677.929688
123.055265816,321.957824707,107416.929688
133.059410809,1020.3338623,107337.492188
213.098401054,1230.28930664,106970.9375
134.117491655,280.299865723,106417.4375
172.115962102,230.435745239,106387.625
136.94981149,1104.6348877,106359.203125
647.458435089,1435.97802734,105717.640625
186.221613373,106.841682434,105626.140625
241.154654365,441.98828125,105386.0625
250.050778149,1354.79772949,105249.898438
175.001672645,1350.35754395,101394.421875
548.503794128,94.7747344971,105217.671875
194.084625371,94.7747344971,100732.390625
305.251501317,324.523681641,105016.390625
322.847338283,1419.20288086,104512.578125
324.84548381,1429.77429199,104271.921875
548.503750464,1380.04003906,103801.492188
194.08460822,886.080993652,103574.359375
394.352480966,1398.36608887,101477.25
211.10929263,1398.36608887,103391.273438
213.098391405,1249.57971191,102883.921875
194.084690197,118.913902283,102876.046875
256.165225182,369.728210449,102525.140625
166.107392394,612.813781738,102500.59375
74.0964136935,483.454681396,102278.085938
373.146471878,582.99597168,102233.226562
211.109345421,1388.80322266,101620.71875
413.159873277,802.584228516,101419.0625
188.128100983,1385.0892334,101144.453125
419.217407481,282.844787598,100645.1875
125.042736896,439.515472412,100408.210938
