233.128325966,270.051971436,813277504.0
222.097098841,541.954528809,66877704.0
244.092572393,554.828186035,74503424.0
243.09745062,394.393920898,16144016.0
151.096449592,356.481384277,7115260.5
231.086210541,242.131561279,4391076.0
180.08654234,640.395751953,10933247.0
415.211153985,229.113296509,1717628.75
114.066127134,488.364654541,1000544128.0
210.079366203,375.721435547,259654016.0
149.080839029,353.961303711,2077391.625
132.065474105,614.196411133,111030472.0
383.094324822,212.228866577,24004216.0
176.102923309,649.697265625,42775952.0
269.087754856,518.888122559,52341376.0
207.159089044,248.56640625,13622025.0
152.056663636,583.022888184,31393850.0
116.070575203,572.819824219,451333056.0
258.109862756,603.748718262,255071392.0
343.128691848,648.36920166,210866.15625
227.11237729,507.50491333,498987.9375
287.221378566,221.277160645,1652279.75
265.118027773,352.710266113,3685475.25
760.584018547,223.899765015,191435.15625
127.050144299,515.102478027,599928960.0
197.101983084,471.926361084,1099492.0
151.08656846,295.035491943,31222342.0
330.059479916,453.656005859,26996854.0
251.10240743,302.639770508,1047663.625
135.043991213,520.156921387,11801835.0
403.23230643,218.658691406,992618.1875
355.06308624,291.305114746,36922496.0
314.091536307,470.625,2595059.0
130.049901492,627.22442627,10150563.0
117.054640031,394.393920898,4608807.0
361.221710867,219.96395874,915934.5
287.221384937,1326.9128418,1101293.5
203.054996449,319.102661133,585585.8125
193.143542303,275.001403809,14011639.0
323.159966894,240.833831787,1001119.4375
434.203138919,552.244506836,3499399.0
124.039315593,395.630065918,479256032.0
195.122738897,303.929595947,2097113.875
205.097099249,548.380981445,62038216.0
102.054943665,369.439941406,15876888.0
148.060377493,593.450744629,16044563.0
117.05455977,498.450805664,8298283.5
264.107577321,403.143280029,1724086.5
222.097145963,584.317077637,8712307.0
239.127714704,240.833831787,479745.25
118.086174648,562.603210449,97488936.0
167.033916692,575.356201172,2696465.0
127.038915909,540.666503906,113253.015625
136.061718731,483.335144043,311513440.0
185.04445495,243.425415039,1214010.75
227.117745196,249.840408325,11760390.0
229.08184147,436.030883789,4137104.5
189.123294325,623.341308594,180714656.0
249.123127832,295.035491943,33587208.0
279.158814569,222.589553833,2581074.25
126.021919849,633.774291992,2729610.75
218.987564165,674.937866211,546558.1875
174.087422394,619.452758789,1218688.125
191.127753558,260.05645752,312626.71875
267.171703354,225.203216553,12687279.0
149.023260615,222.589553833,576148.75
102.054957198,611.560058594,1644967.125
404.206420948,234.32862854,117555.84375
150.058291469,532.954162598,216307136.0
298.096538138,384.401428223,172385456.0
159.076409172,649.697265625,7667839.5
168.065549444,251.111633301,11784948.0
211.10934329,225.203216553,1408281.125
441.133233953,375.721435547,2694173.75
196.096835856,260.05645752,999367.5
140.081800379,1042.68432617,1584933.25
178.976973192,529.132568359,4259859.0
92.0492597622,296.285217285,402760.875
647.458312914,212.228866577,275075.8125
221.101941961,352.710266113,266566.125
174.091339995,567.729064941,47013944.0
170.081089407,427.317077637,2144273152.0
137.045751379,518.888122559,64079464.0
237.91100174,1338.03027344,1914522.0
111.116801613,1326.9128418,1157853.75
251.185054017,253.666412354,2420648.0
129.127351206,233.021057129,279004.5625
168.068878289,1424.703125,495561.25
180.976162797,529.132568359,8609954.0
325.160366623,540.666503906,373443.71875
212.095046987,475.778991699,4954595.0
90.0549248529,640.395751953,59783180.0
174.102630046,272.520355225,103213920.0
465.168846492,544.527099609,6493613.0
426.186689389,544.527099609,2798025.75
412.207486602,544.527099609,5396660.5
265.111432534,1045.6315918,61080852.0
160.086949875,277.503204346,57260456.0
357.058892307,291.305114746,1533609.5
654.33166811,212.228866577,226263.140625
385.089898034,212.228866577,883404.9375
236.909926103,1343.61645508,138406.921875
234.911808492,1341.38562012,119785.382812
265.111472469,1118.69458008,10780840.0
133.075987448,348.872192383,9854167.0
145.979241385,1338.03027344,129192.75
175.11893848,1010.64318848,8077588.5
212.095030864,451.10546875,6377580.5
131.10666302,248.56640625,685222.9375
323.136740337,239.534210205,431358.34375
135.101524202,302.639770508,234303.953125
199.107766514,401.866699219,269991.25
191.11779756,594.746704102,23690720.0
81.044672322,515.102478027,7727197.0
122.071145219,1053.03894043,6664238.0
203.055011996,311.556335449,470918.84375
451.164148139,207.120422363,184841.125
120.080721506,490.869506836,12134367.0
159.091655893,548.380981445,1999366.25
207.112902496,295.035491943,132017.109375
174.091330781,610.241882324,11807698.0
132.065498861,453.656005859,132066.546875
184.060459896,257.5078125,10450615.0
225.096762515,441.057434082,318850.1875
243.182742009,242.131561279,1705012.75
271.075101002,300.078063965,368875.84375
200.002893891,529.132568359,14330053.0
274.935956908,1292.82104492,219804.265625
232.061283201,383.154144287,6017529.5
214.090856362,560.019165039,363072.90625
317.112984944,352.710266113,1639936.875
154.086208076,353.961303711,1070365.75
133.060723023,631.138366699,8234174.5
299.150097233,253.666412354,3023877.0
289.117995984,403.143280029,447627.15625
128.070497598,404.430480957,469149.0625
147.112763676,945.944824219,815509.6875
191.102616476,698.918212891,257979.8125
104.106928544,603.748718262,1085932.375
139.050216214,385.653747559,2156538.75
188.070567747,548.380981445,14428449.0
144.065479342,641.724243164,296953.875
541.147545892,453.656005859,514449.59375
244.190682094,251.111633301,331011.78125
170.011744418,631.138366699,1412472.625
163.086562986,243.425415039,181513.875
168.065500529,1340.27001953,4376084.5
192.15945811,302.639770508,3390314.5
209.189991663,234.32862854,158421.171875
268.103780461,464.052185059,1282437.75
97.0396571944,1391.95422363,208949.921875
182.044818334,236.933441162,738305.75
163.075299404,242.131561279,178530.65625
184.096841992,353.961303711,275837.625
174.091432397,270.051971436,46942440.0
421.145934146,376.959472656,1741504.375
212.075130413,375.721435547,11567425.0
112.050498019,554.828186035,38933652.0
186.076071662,541.954528809,9234066.0
174.091320742,628.522583008,4380219.0
113.070895395,651.022033691,789772.3125
186.076102014,584.317077637,2716127.5
663.452992316,210.957366943,117836.34375
168.080698397,249.840408325,7939312.0
329.004944616,227.811538696,1391184.875
327.007930944,227.811538696,1458489.25
104.070576871,1341.38562012,3513301.0
239.138826205,348.872192383,1130117.5
187.057621441,437.28427124,624025.4375
165.112149551,281.295471191,3071309.75
114.091364312,306.494720459,1319907.25
212.091356588,286.327758789,255653.0625
214.090773842,616.831726074,163653.09375
229.141010155,260.05645752,1399100.5
214.070954419,405.729919434,515399.125
137.045794505,1322.60339355,312129.375
130.049887442,475.778991699,1336672.0
115.005733429,448.580200195,923427.625
247.143921027,257.5078125,4587564.0
212.095060797,612.879272461,4318050.5
265.117998832,270.051971436,1716186.0
343.153202309,375.721435547,1966704.375
136.061454335,383.154144287,5442080.5
263.10239717,296.285217285,556555.875
285.147529492,371.98248291,13809668.0
350.326207808,225.203216553,272932.8125
81.0447445772,1346.98144531,379835.28125
212.095045279,508.778656006,7645818.0
93.0546447153,471.926361084,723831.9375
158.153950281,242.131561279,686361.875
206.081182034,300.078063965,490168.125
81.0447438246,1407.96142578,844765.9375
81.0447450144,1417.64013672,920866.5
151.057830184,532.954162598,1529785.125
223.117528462,369.439941406,147145.90625
135.065105989,507.50491333,559389.625
380.900185812,1292.82104492,158304.15625
165.11357471,303.929595947,207744.046875
212.095104974,401.866699219,2678857.0
134.060102291,426.081726074,4666059.5
249.106788135,488.364654541,9258935.0
487.23160132,268.818572998,3805046.5
216.102037465,270.051971436,3250462.75
395.130731663,517.624450684,1740582.25
132.101854051,512.577026367,102434824.0
171.112797995,394.393920898,1310316.75
385.128634329,572.819824219,2348526.0
117.067615731,572.819824219,1699710.75
249.120396953,484.594970703,12052086.0
137.05879631,483.335144043,5627755.0
509.165153866,378.196533203,6558457.5
134.081126769,374.481018066,6092217.0
275.07340887,531.679504395,1293318.625
152.054022369,532.954162598,9419660.0
133.031745061,532.954162598,18046416.0
114.066210481,532.954162598,2132704.25
104.052811697,532.954162598,6012679.5
360.018397414,385.653747559,638943.1875
300.092394075,384.401428223,7208202.5
136.057378645,384.401428223,206834.59375
269.233312334,616.831726074,2389722.5
133.062632693,614.196411133,440315.53125
381.228251333,563.889343262,677752.875
72.0807651565,562.603210449,2778605.25
412.207345115,352.710266113,330639.78125
340.186595994,352.710266113,299737.5
283.122041907,351.453430176,1470509.5
276.983786048,353.961303711,241149.96875
192.159464585,351.453430176,656309.8125
234.076908753,527.855773926,1152238.375
147.999979961,529.132568359,436389.8125
285.105416841,541.954528809,3127901.0
138.054936925,541.954528809,5196300.0
395.207448835,548.380981445,606441.25
175.0865214,549.666320801,161850.390625
267.107170459,1048.58886719,2634208.5
269.233354096,567.729064941,1866302.75
243.094936786,639.068237305,1192661.625
309.20026047,275.001403809,4179824.5
312.112320422,625.929382324,2038427.0
172.08503503,422.37197876,12342228.0
247.139892202,651.022033691,169871.609375
106.049870755,651.022033691,2523249.0
302.196030393,291.305114746,572969.0625
197.128529077,288.820861816,623499.5
179.127794862,291.305114746,217266.515625
324.191568036,296.285217285,490616.15625
247.107512602,295.035491943,336268.59375
198.112460641,295.035491943,458585.59375
342.167133249,580.453369141,6282948.0
191.117836617,577.898742676,33495442.0
214.082234505,449.83984375,318078.09375
163.008227875,448.580200195,7711619.0
548.503665864,212.228866577,267220.21875
536.165470529,210.957366943,114214.351562
458.162924979,212.228866577,321939.71875
174.091333203,594.746704102,18911912.0
311.126988571,371.98248291,2009925.0
304.117762078,249.840408325,194048.75
73.0647131527,249.840408325,307525.46875
786.599963718,226.508346558,167633.171875
758.56858071,226.508346558,288297.34375
438.378612884,222.589553833,170236.90625
394.352490704,223.899765015,209845.578125
250.118436098,227.811538696,1080662.875
438.378690484,1343.61645508,119307.0625
326.843662176,1342.50024414,2127834.5
324.845465666,1342.50024414,4709535.5
322.847311187,1342.50024414,3555300.25
233.914674486,1342.50024414,12061560.0
316.238163359,256.228424072,115644.421875
268.144218814,260.05645752,988204.625
258.123506287,257.5078125,212996.046875
225.069078551,260.05645752,601775.125
274.154754739,266.346862793,3720585.25
304.248031102,1336.91235352,3988463.5
235.91280837,1338.03027344,8516087.0
287.163093503,525.286987305,310455.125
162.076013766,523.997436523,394226.78125
224.077703462,538.088317871,1117705.0
212.095045836,536.79864502,8749892.0
425.943054079,1344.734375,139387.53125
322.847337646,1346.98144531,2118265.75
235.91281999,1346.98144531,7825292.0
314.180716857,439.798309326,417410.6875
114.127761336,439.798309326,555473.4375
139.050162468,498.450805664,2607112.5
120.06552072,631.138366699,8088350.5
234.076899713,434.779754639,2188150.0
113.034532527,436.030883789,7698865.0
212.093302296,353.961303711,1468418.25
233.914695968,504.938751221,568306.0
266.114845842,1066.50610352,6004496.5
363.171676917,221.277160645,118653.429688
279.158850422,1328.00402832,297693.78125
199.169276862,1328.00402832,2440089.5
370.117821446,475.778991699,150561.796875
150.112473541,474.503662109,1630354.75
490.279748753,230.413635254,635006.9375
404.219546995,230.413635254,199004.46875
383.186395798,230.413635254,223678.171875
341.175855977,230.413635254,611943.0
229.140944319,230.413635254,1363058.25
233.914698629,469.311828613,777011.8125
353.047534296,240.833831787,349642.625
316.211704838,242.131561279,2589648.5
146.096403262,244.720581055,1291147.25
139.002470344,242.131561279,295101.4375
141.113388054,482.076507568,3831936.0
224.128251595,262.594909668,1735746.0
291.101264058,302.639770508,176511.296875
249.086789009,301.35559082,206976.328125
189.113444578,302.639770508,750582.75
463.23366481,252.386810303,205074.8125
419.217258575,252.386810303,326384.0
181.07594908,253.666412354,668420.375
153.102213646,252.386810303,695163.8125
241.154461476,364.248474121,144589.359375
166.049880882,361.631072998,2964935.25
232.082792652,401.866699219,205846.203125
70.0481291373,412.312774658,1051423.875
70.041811371,413.613372803,234044.84375
400.148017658,653.672607422,2094565.125
411.125708805,197.915710449,779223.3125
229.140942339,199.240692139,2046118.0
100.11202241,645.709655762,2015171.25
235.912845832,1364.4005127,1972609.875
229.140938056,1409.33081055,1946273.375
97.0396594582,1406.59973145,214240.765625
83.0603531635,1407.96142578,1548897.875
269.233318514,597.327941895,1929160.5
304.248046371,1370.45727539,1814386.375
229.140934708,1374.15368652,1779215.75
302.196025236,341.053833008,519444.5625
195.122731524,341.053833008,448760.75
122.081143777,673.63494873,1346457.875
167.09275129,407.039398193,1473113.0
154.086225437,407.039398193,1261777.625
150.077444084,407.039398193,925246.5
369.351340064,234.32862854,398304.78125
296.175603863,233.021057129,1384352.375
229.140939488,156.416091919,1352988.375
245.063010273,462.7371521,444682.21875
229.140937402,171.161148071,1220505.875
104.106958775,955.631286621,1043658.125
146.117525621,1428.99133301,495183.3125
220.117913589,298.805847168,878934.4375
478.300813229,217.357055664,235768.09375
391.283845902,216.063018799,877631.8125
371.315372234,216.063018799,324849.90625
139.122962318,588.221679688,838330.5
81.0447419702,1391.95422363,746178.8125
212.106906244,238.234664917,599717.6875
120.055623513,365.556335449,551517.6875
362.289810802,1345.85644531,551079.9375
179.023969202,1343.61645508,708021.875
343.295295095,285.075073242,173604.5625
186.221614955,165.796554565,397404.9375
163.097784375,1025.11218262,288675.0625
362.289781413,1332.45202637,256818.0
647.45832902,1362.01147461,247277.640625
647.458406671,1385.49597168,192673.1875
190.070969402,567.729064941,665566.0625
144.065535192,584.317077637,372979.125
122.071151869,1106.3013916,1953878.75
170.081161458,619.452758789,927754.5625
156.065422388,355.218139648,123963.695312
103.038961263,504.938751221,156551.96875
148.096846578,281.295471191,165529.6875
85.0283888564,531.679504395,114822.742188
150.054981676,296.285217285,3688829.0
217.107196482,249.840408325,220754.078125
177.102271125,249.840408325,120820.703125
135.101552594,278.764251709,167442.484375
100.112043354,651.022033691,1753120.25
188.128121535,368.154083252,267405.53125
198.112528508,249.840408325,114174.28125
165.054753023,441.057434082,785483.25
117.054607854,436.030883789,4576685.0
252.928162814,1290.48498535,120516.6875
140.081802564,1066.50610352,1528346.25
132.101904461,1409.33081055,164894.578125
252.107665053,575.356201172,246614.1875
148.982136752,624.635314941,390793.34375
165.113491429,351.453430176,172098.25
455.18026444,554.828186035,222144.109375
203.054991257,544.527099609,3185396.75
132.076724601,627.22442627,22862362.0
177.100368575,651.022033691,504986.5
116.070587932,649.697265625,587292.0
219.047479129,584.317077637,259732.71875
137.045797869,1341.38562012,757029.5625
419.217236074,258.784576416,285952.5625
214.090852356,438.53994751,193714.328125
241.203459173,326.760498047,160723.828125
100.075659788,324.18536377,152724.390625
221.101897396,301.35559082,486903.75
211.09648973,253.666412354,427869.625
168.12303207,401.866699219,117046.476562
362.289796644,1370.45727539,217866.8125
149.080859856,388.170654297,703946.3125
233.128332461,339.749206543,1637106.0
191.117803321,674.937866211,1475381.0
180.086586036,696.233093262,107690.742188
191.117808511,737.152038574,496787.0625
191.117815925,744.962646484,431582.84375
191.117816355,784.53112793,278962.46875
105.953471266,1334.6829834,210935.703125
200.98822368,478.306091309,152693.3125
119.08150374,750.206787109,140615.78125
213.102422088,254.948425293,162649.875
336.191904562,272.520355225,323832.96875
157.013182242,516.36328125,422136.375
147.06512323,531.679504395,242591.390625
188.091688055,527.855773926,726216.9375
157.013141061,544.527099609,892107.625
220.081519289,548.380981445,732465.3125
146.059994399,547.095947266,293358.875
170.081088896,639.068237305,1370462.25
188.128100995,293.790313721,114285.4375
102.054954946,593.450744629,338331.1875
212.095026416,369.439941406,1903362.25
328.841838216,1342.50024414,253170.109375
216.086587133,348.872192383,131248.5625
121.966148093,1336.91235352,124786.117188
372.151134938,522.713134766,216939.96875
97.039658792,1348.10949707,132862.71875
134.081112889,437.28427124,382519.34375
144.101825747,508.778656006,168845.078125
119.070282407,355.218139648,225354.53125
132.065509999,473.220031738,101546.179688
212.095038127,418.651306152,667689.875
168.065677459,418.651306152,4382142.5
170.117522579,1410.70031738,147062.3125
188.128110695,1372.91589355,103516.539062
172.133135638,1372.91589355,393565.21875
188.12811377,1405.24560547,116564.570312
97.0396588862,1377.89440918,164335.0625
162.076030173,443.568878174,116480.578125
132.101896111,1430.41308594,171889.125
162.07604907,461.42855835,223884.265625
164.107022208,286.327758789,187180.328125
160.075277936,268.818572998,512914.34375
130.064576669,268.818572998,660603.6875
127.050130679,394.393920898,31069564.0
459.198173487,531.679504395,167485.15625
74.0234945965,530.405761719,246164.609375
121.062654685,611.560058594,121667.007812
210.112401327,351.453430176,279059.59375
176.037570703,351.453430176,2860733.25
174.076085778,355.218139648,362991.59375
169.075832217,352.710266113,101560.25
149.981701011,527.855773926,297522.25
114.066192539,639.068237305,1169101.75
84.0442849401,627.22442627,322035.78125
152.070660241,422.37197876,54377980.0
76.0393306163,651.022033691,774279.6875
271.104967582,293.790313721,333764.65625
249.169462377,247.290893555,106008.65625
311.164028672,227.811538696,143096.78125
289.273432277,227.811538696,180413.265625
251.046518757,222.589553833,176911.21875
155.046702676,223.899765015,361933.8125
140.010704191,223.899765015,631838.3125
129.127338293,222.589553833,195469.5625
309.203400851,1344.734375,378624.84375
152.948388229,1342.50024414,318354.78125
147.983609935,1341.38562012,237903.734375
192.888078024,1338.03027344,378670.5625
192.888090403,1346.98144531,356795.03125
154.946555684,1348.10949707,124411.078125
152.948395739,1348.10949707,243216.421875
154.06115889,437.28427124,316744.59375
86.0964077098,441.057434082,147398.984375
138.054873089,495.90234375,820561.25
81.0335159252,497.17175293,631914.625
137.045796229,633.774291992,153936.5
100.075663892,355.218139648,626318.5
212.095049326,502.339996338,6025502.0
122.071147143,1032.40478516,5172790.0
133.07598991,328.053283691,5109929.5
282.27886543,1328.00402832,153979.0
172.133122454,473.220031738,166311.34375
170.092179846,475.778991699,214006.125
174.091305457,636.419494629,3700794.5
331.001923275,229.113296509,426108.96875
309.226864066,244.720581055,159475.765625
183.078080645,240.833831787,135809.15625
239.148476974,300.078063965,415158.1875
103.038935032,302.639770508,330548.875
114.09135529,361.631072998,257437.125
190.08620934,492.123138428,389156.96875
174.091344382,667.062438965,1323378.875
175.023737239,677.545288086,169744.375
122.071155116,1118.69458008,1458505.75
138.066181248,1417.64013672,127602.085938
251.037087069,286.327758789,189111.96875
287.221362493,130.926391602,177210.90625
174.091342225,754.155639648,339437.53125
82.0525514864,1413.45935059,389955.9375
174.091343831,763.392089844,300930.1875
219.112718429,315.328277588,106463.578125
238.128335602,330.643859863,129990.101562
450.110952278,603.748718262,180781.109375
133.07377998,625.929382324,212151.109375
144.080755944,278.764251709,129128.335938
249.184686829,227.811538696,117782.078125
180.159362725,1343.61645508,163811.734375
318.89999801,1292.82104492,199497.65625
148.096741584,324.18536377,5338607.0
259.143910392,235.630447388,201329.890625
129.102195824,1399.86340332,101662.78125
140.068286072,395.630065918,343674.03125
210.997746248,575.356201172,652103.25
149.08064915,625.929382324,356485.75
120.065465666,565.172241211,239980.0625
196.096850889,353.961303711,168924.59375
154.097409094,350.169189453,143164.0625
103.038933845,352.710266113,164296.96875
291.047412772,529.132568359,348098.4375
245.091836711,529.132568359,109951.5625
168.976121092,529.132568359,358907.0
455.166891881,540.666503906,218082.90625
206.094453474,547.095947266,338643.3125
130.064891819,548.380981445,449331.59375
223.154090323,280.030090332,100109.226562
214.107181991,278.764251709,256417.90625
137.045767792,652.345275879,151422.125
190.0861424,293.790313721,170396.03125
158.092467985,583.022888184,185888.8125
114.091357025,370.716674805,211664.671875
231.112670835,251.111633301,461231.875
273.090778454,260.05645752,984155.0625
152.070579124,260.05645752,180098.078125
394.352520742,1348.10949707,165155.484375
298.096653499,441.057434082,722868.8125
129.054562406,441.057434082,431791.8125
112.050535467,508.778656006,576267.0625
394.35249659,1330.21350098,117544.164062
207.058674885,300.078063965,156780.453125
123.055249104,280.030090332,108397.960938
286.149787921,399.351196289,118110.820312
114.091395358,401.866699219,234008.203125
250.093118195,653.672607422,140243.90625
154.097403912,408.356506348,214373.5625
81.0447441262,1430.41308594,953440.4375
132.101902651,1389.35693359,124606.148438
300.040105006,429.792663574,570799.5625
273.029174376,429.792663574,708358.75
171.078253448,428.553588867,8592206.0
169.271823671,426.081726074,579277.0625
153.073968837,427.317077637,4698435.0
138.054730337,428.553588867,875659.875
124.075683139,428.553588867,1017557.875
80.0493641276,428.553588867,252623.59375
79.0290801062,427.317077637,121782.625
362.165444172,488.364654541,748797.5
289.046505367,485.853088379,831267.5625
265.080564043,488.364654541,548816.875
228.12212978,488.364654541,3837050.75
182.1651808,485.853088379,475274.3125
177.074609818,490.869506836,686807.9375
167.083469107,490.869506836,418232.90625
136.1176319,488.364654541,330198.75
116.070424902,488.364654541,2227419.25
115.063131148,488.364654541,10869685.0
406.223573479,270.051971436,1490770.625
373.234459609,267.584350586,311144.3125
320.196720479,270.051971436,553536.125
291.181814648,270.051971436,666582.875
278.185983985,270.051971436,907716.8125
277.092017613,270.051971436,269876.90625
273.082511141,268.818572998,444088.65625
234.125929915,270.051971436,5345849.5
224.128497037,270.051971436,314389.90625
207.075288466,270.051971436,483092.96875
198.102653026,267.584350586,380070.375
175.099640677,272.520355225,917149.1875
159.067473278,271.284881592,1155470.375
146.059638596,267.584350586,280746.59375
104.106969699,272.520355225,1115028.125
77.0383220288,271.284881592,343525.9375
334.149393429,513.840148926,963815.75
258.108240694,512.577026367,1480849.5
231.996751093,512.577026367,139548.859375
229.998368803,512.577026367,300632.625
133.098892289,515.102478027,512558.125
129.054275818,516.36328125,3014522.5
128.04719583,515.102478027,5004504.0
87.0998037169,513.840148926,182511.90625
82.0522986264,515.102478027,1008888.875
591.151900602,394.393920898,281404.84375
476.167308372,398.106323242,322390.84375
349.06189603,395.630065918,149088.109375
305.120627658,395.630065918,439078.625
300.165316481,393.157775879,331530.5
283.12206017,394.393920898,507864.03125
272.185288707,398.106323242,134223.921875
235.107602203,395.630065918,605812.125
231.083869358,394.393920898,240042.328125
226.128457023,393.157775879,784386.0
207.076469464,394.393920898,338605.6875
205.133637099,398.106323242,568120.9375
148.09673801,393.157775879,378283.8125
129.054396916,394.393920898,155900.734375
126.043476765,395.630065918,2043174.5
125.036385297,394.393920898,1856264.25
114.091450106,396.867401123,232693.3125
79.0413503361,393.157775879,530794.75
78.0335740602,395.630065918,335346.6875
345.077947217,570.279602051,266418.5
337.160345864,572.819824219,623960.75
327.158177821,571.550476074,233772.65625
306.181101531,571.550476074,823629.0
267.119789416,575.356201172,717206.6875
265.111498254,572.819824219,417347.1875
159.06768042,570.279602051,116276.3125
118.074736388,572.819824219,2002091.875
70.0651127036,572.819824219,2891135.0
265.044357219,482.076507568,143372.078125
239.009973862,482.076507568,162086.265625
139.122969515,482.076507568,246892.265625
119.035086812,482.076507568,189606.6875
112.039349352,483.335144043,294369.625
859.277689797,376.959472656,257115.328125
650.205380915,375.721435547,832376.8125
507.168755815,378.196533203,90140040.0
494.219954561,374.481018066,257655.84375
350.185260745,375.721435547,243590.375
310.142623708,378.196533203,289988.21875
297.147546527,376.959472656,212086.859375
283.122030602,375.721435547,256250.078125
254.04284925,376.959472656,398191.15625
242.138227119,374.481018066,230321.15625
229.140651449,375.721435547,662259.1875
213.086668512,374.481018066,195350.546875
100.075320591,376.959472656,321443.90625
537.194962324,603.748718262,1103944.375
336.087198977,603.748718262,525154.9375
302.073901335,602.464599609,133268.46875
277.082998996,601.180480957,186665.5625
261.117285101,602.464599609,317080.34375
189.55861715,602.464599609,118293.59375
184.07321039,603.748718262,383785.34375
166.086293577,601.180480957,161263.625
134.044738834,606.327270508,913819.4375
127.050224685,603.748718262,248680.796875
98.9838695594,602.464599609,205157.234375
71.0727598517,603.748718262,128837.851562
361.145768888,532.954162598,201358.671875
270.118040006,530.405761719,239696.28125
248.076335813,530.405761719,285596.9375
237.029933754,531.679504395,369297.53125
198.999912929,530.405761719,281225.09375
196.990492336,531.679504395,225353.234375
177.979539474,530.405761719,1134290.25
166.107342621,531.679504395,136860.921875
148.042632305,534.230957031,857779.5625
147.982473252,530.405761719,178080.84375
139.122919648,530.405761719,443952.0
136.06178929,535.514038086,1314628.0
135.02752868,532.954162598,882711.25
134.031055724,530.405761719,139849.015625
105.073986096,530.405761719,175443.578125
233.087013626,623.341308594,253479.796875
221.113015275,623.341308594,136107.546875
191.040054992,625.929382324,180147.046875
190.120560124,622.048461914,1113456.625
178.058677561,620.754577637,386105.5
133.080066141,625.929382324,973192.25
111.05530468,622.048461914,264383.125
362.016642385,383.154144287,295993.8125
248.0352022,383.154144287,1895317.75
234.057231122,381.911560059,232305.90625
167.081542338,385.653747559,128269.703125
343.153069603,614.196411133,149941.390625
169.097131588,612.879272461,170292.78125
164.0293552,612.879272461,290026.4375
122.081173016,615.514831543,242174.765625
122.069709587,611.560058594,185751.15625
111.066524013,612.879272461,489704.75
339.175983242,563.889343262,393551.84375
234.076908049,560.019165039,407512.34375
232.144330632,563.889343262,488569.03125
176.098314594,565.172241211,243035.5
126.054906882,563.889343262,132401.59375
120.090471202,562.603210449,399787.9375
402.211830242,352.710266113,137115.75
392.181171836,352.710266113,157279.84375
321.134519878,352.710266113,108275.289062
314.207093299,350.169189453,114418.359375
267.996149116,351.453430176,217539.1875
240.122933367,353.961303711,194492.5625
227.175287825,352.710266113,559256.375
199.169240775,350.169189453,318635.5
198.043057324,352.710266113,562737.6875
190.116724141,351.453430176,103025.398438
170.117512736,350.169189453,144148.296875
149.093955847,352.710266113,311919.34375
147.06647602,350.169189453,120015.03125
138.066248185,352.710266113,129588.617188
138.054902292,353.961303711,158092.5625
132.07672769,353.961303711,234036.984375
109.076037373,352.710266113,139718.484375
105.953489455,351.453430176,106243.632812
74.0599278558,352.710266113,432042.5625
279.104783603,527.855773926,759024.875
269.233336167,527.855773926,1093594.25
250.050742723,529.132568359,599051.25
239.029129056,527.855773926,746941.125
235.032070558,527.855773926,104673.414062
224.128028808,529.132568359,942736.625
195.006121126,529.132568359,11447776.0
182.976304574,529.132568359,1404631.875
176.978911557,529.132568359,1546248.0
166.08625887,527.855773926,497463.96875
164.091777724,529.132568359,1058914.75
156.042097973,527.855773926,126913.515625
153.99743134,529.132568359,451309.875
151.99722031,529.132568359,2235551.75
106.955746981,529.132568359,302348.6875
465.182677059,554.828186035,291048.8125
402.205454759,557.421325684,333213.875
333.107789048,552.244506836,107523.632812
307.101159433,553.535095215,140347.265625
302.145654389,554.828186035,127099.945312
245.089709523,553.535095215,767767.4375
195.987162007,552.244506836,468277.09375
191.989764439,557.421325684,111399.375
129.102216925,552.244506836,112752.1875
113.047486787,554.828186035,432359.03125
359.093434929,540.666503906,225346.34375
333.107903187,540.666503906,148887.953125
266.060897412,541.954528809,259318.46875
262.051084376,543.241394043,195604.625
165.075662107,540.666503906,222371.828125
162.091222466,540.666503906,128791.726562
162.075982942,540.666503906,358274.40625
139.122940635,539.375915527,422313.6875
130.159042331,539.375915527,701350.6875
102.054932963,544.527099609,287811.375
98.059999186,541.954528809,103440.390625
502.157730792,521.43170166,319826.625
382.146822194,518.888122559,376466.875
345.160100761,521.43170166,506204.65625
332.096342532,520.156921387,1095517.5
313.051774993,521.43170166,296956.84375
309.041767497,518.888122559,389116.8125
270.084700598,518.888122559,621678.9375
224.127991497,520.156921387,1050733.25
193.097239953,520.156921387,1079073.625
166.086294255,520.156921387,686829.8125
139.122986278,518.888122559,395891.59375
138.042913988,518.888122559,916595.6875
122.081144748,520.156921387,247580.296875
115.069556697,521.43170166,216824.421875
106.086282442,521.43170166,104732.46875
106.065109683,520.156921387,1514232.375
487.163963951,548.380981445,1094416.375
470.150260176,545.813232422,117985.351562
448.182547077,550.954772949,217520.859375
282.048396198,549.666320801,1124618.625
278.1230997,548.380981445,188618.578125
191.989662801,548.380981445,105213.164062
175.094678202,548.380981445,2507115.5
170.081138306,549.666320801,796422.6875
162.076040377,549.666320801,518366.375
143.072765957,545.813232422,109232.242188
117.056900054,548.380981445,108078.109375
114.06621367,545.813232422,969838.5625
146.043468912,1042.68432617,160768.90625
144.047725468,1045.6315918,3137841.75
123.068193103,1045.6315918,100699.226562
116.070587862,1044.15075684,142042.8125
413.211144478,567.729064941,351914.75
297.165459208,567.729064941,339342.71875
285.105490539,566.45123291,305905.90625
224.128012167,567.729064941,1117141.875
192.114976336,567.729064941,391340.40625
170.081167238,567.729064941,730311.5625
166.086271861,567.729064941,281136.6875
166.053246903,569.006225586,668314.5625
139.122951453,567.729064941,973906.1875
130.064738863,567.729064941,166957.75
123.043970215,567.729064941,294721.3125
111.066571624,567.729064941,553706.875
381.147573351,643.053894043,197110.0625
366.108433235,641.724243164,122780.039062
301.142552013,640.395751953,135774.03125
258.10985011,639.068237305,426995.84375
250.133647816,640.395751953,123343.59375
213.098341284,643.053894043,244552.265625
210.05488321,639.068237305,131317.71875
209.020844623,641.724243164,104137.734375
174.09131488,639.068237305,3322924.5
166.086267866,640.395751953,150292.015625
150.058274814,640.395751953,191302.65625
132.101859046,640.395751953,207719.265625
92.0591388,640.395751953,285111.40625
91.051957244,640.395751953,250285.890625
392.207853224,275.001403809,1562395.5
388.253705916,278.764251709,156782.828125
247.107560382,278.764251709,1246494.0
237.910881787,277.503204346,216399.96875
237.105353753,276.249328613,960800.8125
163.132822461,280.030090332,153906.578125
161.084268594,275.001403809,549364.0625
144.927404606,280.030090332,167859.453125
136.075736362,277.503204346,465975.40625
337.186758242,627.22442627,175398.75
250.050703757,628.522583008,149177.84375
180.0866054,627.22442627,6736063.5
148.073451057,627.22442627,427303.53125
300.040270278,421.131103516,591850.375
119.089624629,421.131103516,395311.3125
106.064817009,422.37197876,224946.828125
399.144131307,652.345275879,13806681.0
366.213311898,649.697265625,143689.125
220.066759553,649.697265625,131358.140625
114.054953066,651.022033691,125038.867188
430.131476335,290.063964844,114483.765625
256.165364817,292.546905518,124499.46875
229.140988027,290.063964844,1194159.0
191.100772387,292.546905518,177840.0625
123.055262798,288.820861816,155284.703125
430.13147507,295.035491943,155045.84375
314.207131614,297.542449951,176132.90625
271.083943839,297.542449951,113616.203125
250.120428015,296.285217285,211696.921875
250.064290257,295.035491943,217328.28125
190.097440277,295.035491943,1957102.875
152.083715111,295.035491943,219101.125
94.0651351297,295.035491943,268820.9375
93.0572368148,296.285217285,226619.46875
412.207481539,580.453369141,1282248.5
395.128497278,580.453369141,346307.0625
260.052932727,580.453369141,322842.8125
190.012548767,580.453369141,1526365.875
180.044401281,577.898742676,800869.625
175.094714058,576.627075195,3089396.75
175.03582013,580.453369141,110561.507812
162.112405388,577.898742676,477865.75
285.105474841,583.022888184,415549.5
244.092443643,585.616149902,344430.34375
224.12802706,583.022888184,827155.8125
215.065089279,581.734130859,475113.09375
213.098392793,585.616149902,535759.625
206.090497936,584.317077637,134579.75
193.097186642,583.022888184,1008822.25
153.053704851,584.317077637,529282.625
134.081142471,584.317077637,200668.328125
374.023278745,453.656005859,147201.5
314.207179988,451.10546875,124606.703125
298.096661826,451.10546875,711978.0
224.128050294,453.656005859,304391.21875
214.090783076,454.939331055,245865.8125
206.958692248,453.656005859,157421.75
204.960746359,451.10546875,168086.953125
189.073220702,454.939331055,119839.75
150.054943032,453.656005859,444634.53125
147.983657495,453.656005859,108647.367188
377.145232349,446.074279785,5668628.0
283.122048064,448.580200195,426204.46875
265.9570987,448.580200195,123479.648438
263.959272831,448.580200195,193305.609375
233.91470045,448.580200195,494071.25
207.112765684,449.83984375,201497.484375
162.008487202,449.83984375,189641.015625
124.039322261,449.83984375,1120586.75
122.081140164,449.83984375,224352.359375
117.102225785,448.580200195,207992.0625
117.002748819,448.580200195,333701.8125
105.073948067,449.83984375,137182.953125
419.315287325,214.776824951,132341.15625
293.19067856,213.499542236,184370.171875
230.144558443,213.499542236,101582.234375
194.084715056,214.776824951,117801.679688
239.03387663,597.327941895,210345.0625
234.07688287,597.327941895,439296.34375
204.065544999,593.450744629,137977.390625
201.123241758,593.450744629,149254.078125
187.086587639,597.327941895,444620.59375
122.54709645,594.746704102,141563.09375
114.066213467,592.14642334,495835.40625
508.172275169,379.433898926,18092776.0
320.138279157,379.433898926,145863.5
313.142318309,380.671325684,186809.75
163.042161766,379.433898926,227823.421875
116.070604133,858.85925293,293709.5625
114.066207745,858.85925293,267709.40625
74.0712433304,861.524658203,16532783.0
265.111463464,1106.3013916,16090868.0
326.377882413,370.716674805,110745.125
324.845415379,368.154083252,137203.96875
322.847571893,370.716674805,116355.1875
320.138419134,371.98248291,353254.75
311.153362319,368.154083252,111784.65625
294.035518496,371.98248291,145643.953125
287.14353998,371.98248291,610946.0625
267.171744323,368.154083252,233287.8125
248.035136387,371.98248291,2742582.0
243.083356829,368.154083252,199553.71875
200.091769494,368.154083252,561452.625
196.097024888,371.98248291,194114.546875
176.037574524,366.859649658,996787.125
172.133112,368.154083252,294451.28125
165.113491804,371.98248291,167826.65625
163.132781732,369.439941406,164658.796875
111.116808301,366.859649658,187119.03125
104.070571932,368.154083252,529845.25
287.163016007,607.623779297,136857.734375
250.050856141,610.241882324,198436.96875
244.092534185,610.241882324,363826.9375
224.128039588,610.241882324,639819.8125
214.090821541,610.241882324,202360.8125
205.068244136,608.92755127,221689.765625
178.008623597,607.623779297,119587.570312
139.122916226,611.560058594,188588.765625
137.045795262,610.241882324,224909.578125
116.070600948,610.241882324,911904.0625
280.144584892,251.111633301,103030.554688
275.138749859,251.111633301,110614.617188
202.107401454,249.840408325,455648.46875
188.957600122,251.111633301,302443.03125
187.12284682,251.111633301,159176.03125
169.088410356,247.290893555,154839.734375
400.210982382,619.452758789,482443.90625
312.112276229,619.452758789,1409589.75
166.086308891,619.452758789,291203.75
157.073852457,619.452758789,137885.96875
150.058299245,619.452758789,234046.90625
116.07058785,619.452758789,715266.75
110.071259642,619.452758789,595938.375
300.700321431,222.589553833,330625.875
282.278837865,227.811538696,293832.625
278.159554513,225.203216553,129675.5625
256.850210988,225.203216553,200469.65625
205.085952335,222.589553833,273775.0625
112.120145779,222.589553833,178908.625
98.9840412219,223.899765015,1005968.0625
593.641842242,1342.50024414,115269.671875
591.643545241,1342.50024414,116071.65625
506.70742132,1343.61645508,138272.671875
504.709006254,1342.50024414,335608.4375
502.710899042,1342.50024414,375356.0
500.712474121,1342.50024414,173698.4375
417.774319726,1342.50024414,211455.28125
411.779822637,1342.50024414,628680.6875
346.981852884,1344.734375,256410.21875
283.818445204,1343.61645508,173628.34375
281.820347224,1342.50024414,151220.140625
268.103762395,1343.61645508,146133.828125
221.897291237,1342.50024414,143383.34375
154.946555611,1342.50024414,142380.046875
116.070594855,1342.50024414,202470.5
144.047726454,1118.69458008,647310.5
140.081792181,1118.69458008,438597.5
322.212444798,257.5078125,121676.59375
285.134296603,258.784576416,108405.804688
273.166947006,254.948425293,255318.109375
245.115155292,260.05645752,282599.03125
242.138627849,260.05645752,1149968.125
238.143593,257.5078125,247694.71875
237.910981528,260.05645752,250312.09375
230.081103802,254.948425293,172396.984375
159.091701098,258.784576416,118771.726562
149.059728198,254.948425293,195488.40625
141.113449014,256.228424072,1968098.0
251.138982331,266.346862793,398811.78125
242.28388221,265.104675293,1536045.25
237.169684188,265.104675293,274397.3125
205.079547392,266.346862793,10435903.0
184.075702084,263.855407715,580620.5625
143.072676958,266.346862793,290142.375
242.283950348,37.0228767395,9973011.0
219.112732703,348.872192383,281241.375
189.113438781,348.872192383,775955.8125
165.048112475,348.872192383,327881.3125
122.081175344,346.27255249,121560.1875
405.19928597,1338.03027344,104671.84375
287.221371412,1336.91235352,1011062.375
268.175028674,1338.03027344,138370.203125
236.909914394,1338.03027344,102917.679688
221.897313059,1336.91235352,113025.71875
200.172556046,1336.91235352,215691.546875
194.886251298,1338.03027344,328736.3125
145.985473228,1338.03027344,681949.4375
132.964675958,1336.91235352,276098.96875
130.96650046,1336.91235352,546715.3125
459.198280901,522.713134766,1029420.0
270.236716474,523.997436523,178885.609375
268.103746832,525.286987305,507477.71875
228.097770904,525.286987305,315424.5
212.095056699,525.286987305,9448010.0
172.115971518,522.713134766,167737.125
132.065441679,526.573730469,209064.171875
117.102177301,522.713134766,157499.65625
111.066510193,525.286987305,706343.4375
414.188481625,538.088317871,175142.59375
287.163210821,536.79864502,233104.890625
268.103742777,534.230957031,441950.53125
228.086539832,536.79864502,206538.046875
224.127980471,538.088317871,1080681.75
214.090840137,536.79864502,399901.15625
175.094664578,538.088317871,1503288.125
170.081139922,538.088317871,989846.625
166.086247088,535.514038086,410625.625
120.06550176,538.088317871,384211.46875
117.10221071,538.088317871,204995.171875
647.458401886,1349.24243164,118501.382812
415.776146491,1346.98144531,504074.25
413.778028434,1346.98144531,683703.4375
352.9089627,1345.85644531,114821.921875
350.326226946,1349.24243164,122094.101562
326.843690115,1346.98144531,1273978.375
147.983619369,1348.10949707,197584.34375
82.0525630138,1346.98144531,138236.390625
335.04612321,437.28427124,118660.6875
274.048900662,437.28427124,131036.695312
267.171662255,442.314605713,166566.546875
250.050776245,437.28427124,760242.875
249.086990831,439.798309326,103591.15625
245.063060642,439.798309326,320040.21875
233.91468823,439.798309326,518526.28125
216.066445262,437.28427124,142172.5
205.133450547,437.28427124,189258.53125
202.180156671,439.798309326,8614713.0
189.113337485,439.798309326,257733.3125
140.06817375,437.28427124,136768.546875
111.116799076,439.798309326,119206.625
111.066515652,439.798309326,721699.5
81.0335245777,437.28427124,761288.75
268.103701613,558.71887207,484621.71875
224.127969511,558.71887207,1157651.0
212.095036918,560.019165039,8349789.5
172.116042072,557.421325684,102898.679688
120.065478939,558.71887207,340207.0
207.112809258,499.738067627,263371.53125
189.073350648,497.17175293,333864.96875
180.04438139,499.738067627,488501.3125
172.119299619,495.90234375,119713.398438
155.045011016,499.738067627,153505.71875
144.927407393,498.450805664,201281.28125
125.070966768,501.033447266,197716.03125
124.039292799,501.033447266,562162.1875
391.17407487,631.138366699,143567.171875
213.975553112,631.138366699,195859.375
203.052491026,633.774291992,110921.710938
177.024619496,631.138366699,203682.546875
128.017674403,632.454101562,147207.359375
116.034233847,631.138366699,129454.90625
87.0552974458,631.138366699,145931.90625
74.0600009004,631.138366699,147318.546875
176.11634426,1010.64318848,120556.1875
116.070596518,1010.64318848,176059.296875
268.10373039,588.221679688,281366.875
214.090885331,586.917663574,371312.59375
212.095037526,586.917663574,7722509.0
162.091272865,584.317077637,169801.640625
150.058334941,589.528564453,196629.5
137.045801502,588.221679688,400425.375
80.9478556741,588.221679688,171670.78125
462.151607301,434.779754639,373377.28125
335.130945081,433.530639648,300737.6875
313.038098762,436.030883789,107884.46875
298.096802983,433.530639648,745738.5
210.169983266,434.779754639,188644.859375
203.183440673,434.779754639,1045826.1875
193.060916143,436.030883789,442247.125
128.070580639,434.779754639,435614.375
102.091315543,436.030883789,102676.570312
358.206911851,510.047637939,418058.5625
302.180770697,508.778656006,682406.875
287.163174951,508.778656006,253117.75
270.118080186,508.778656006,503771.71875
228.09773036,507.50491333,263932.28125
221.091977068,510.047637939,149709.28125
214.0908428,511.312286377,355405.125
173.128496943,511.312286377,2095034.5
112.086935298,507.50491333,110389.671875
237.91107063,356.481384277,286958.75
229.140942582,355.218139648,857082.75
165.113531106,357.750427246,144404.484375
122.081149928,356.481384277,130881.171875
266.114851723,1057.50646973,7036440.0
140.081803431,1056.01513672,1748196.875
136.949819498,1054.52758789,116930.9375
133.059429477,1057.50646973,100723.617188
268.110428295,1053.03894043,337931.3125
144.047730272,1053.03894043,3120783.0
141.085147161,1053.03894043,136460.375
116.070591828,1053.03894043,153356.15625
136.949804299,1290.48498535,181200.75
106.971547799,1292.82104492,582851.5625
398.112652383,503.644836426,197925.84375
333.107843565,502.339996338,127191.570312
298.096673986,503.644836426,197708.078125
268.103749911,502.339996338,516688.28125
235.912847418,504.938751221,524131.71875
224.12804255,504.938751221,1036462.4375
177.08832264,504.938751221,116636.6875
140.070541606,502.339996338,151667.171875
103.955275863,504.938751221,156736.40625
116.070604172,1066.50610352,136618.96875
452.321444898,219.96395874,401252.875
388.341686911,218.658691406,271488.1875
338.341445119,221.277160645,214477.203125
322.149506508,221.277160645,109678.125
142.11686851,219.96395874,139307.203125
111.11681291,221.277160645,2137713.75
212.149132915,326.760498047,112662.78125
182.165208048,325.468566895,142803.671875
172.133142356,326.760498047,282124.625
165.113537641,322.905151367,122266.546875
267.118087157,1032.40478516,308837.59375
213.098391038,1032.40478516,102010.0
147.983616752,1329.10168457,207876.21875
130.966498971,1328.00402832,511171.5625
121.966149306,1328.00402832,106806.640625
116.070594573,1326.9128418,158694.34375
269.233349728,474.503662109,427580.25
235.057707891,473.220031738,1139739.125
182.102289612,475.778991699,201456.359375
145.985475717,474.503662109,250229.234375
122.081141595,475.778991699,228414.34375
111.116809314,475.778991699,194005.578125
163.079335719,636.419494629,452414.5625
462.261291807,231.716384888,141668.109375
308.175692769,231.716384888,586653.8125
250.999917407,229.113296509,121735.65625
223.096431069,231.716384888,155495.484375
177.0546196,231.716384888,117732.351562
172.133141793,229.113296509,331136.4375
135.080078123,230.413635254,100684.429688
119.085277768,229.113296509,128906.296875
316.087401976,469.311828613,114288.132812
272.170100066,470.625,344388.3125
168.123032372,473.220031738,100630.921875
127.1229664,470.625,106591.148438
125.070949696,470.625,287201.0625
398.228195678,242.131561279,109710.34375
381.170792724,240.833831787,144158.078125
306.15456385,243.425415039,768154.9375
279.17011251,239.534210205,108023.828125
271.14389342,239.534210205,136245.203125
265.118086785,244.720581055,369767.03125
243.68450834,242.131561279,447722.40625
235.153828195,242.131561279,176021.78125
228.19576322,242.131561279,239143.5
283.122078843,417.409698486,348810.5625
282.096930813,417.409698486,760501.125
193.143345152,418.651306152,272974.59375
171.11258654,418.651306152,913740.6875
168.946080433,417.409698486,254431.15625
144.927503793,418.651306152,249984.046875
141.11344285,418.651306152,1544651.75
125.070962982,418.651306152,162963.1875
114.12780351,418.651306152,345562.875
77.0790557935,417.409698486,240289.3125
265.111486698,1143.63061523,4241990.5
347.149201325,480.819458008,163889.921875
258.16973456,479.563934326,215189.171875
224.128035639,480.819458008,663843.3125
213.098303231,479.563934326,286138.28125
168.123059636,479.563934326,110528.804688
114.127747628,479.563934326,136279.390625
74.0600105501,482.076507568,574490.5
255.123450355,262.594909668,233324.640625
243.112631799,261.328491211,340352.03125
212.128256694,261.328491211,439577.125
198.039765561,261.328491211,247557.84375
173.107425786,262.594909668,3503190.75
376.211648315,300.078063965,198988.203125
326.170862432,301.35559082,192912.96875
317.120908419,302.639770508,109368.773438
317.112920683,301.35559082,121793.34375
237.911025285,303.929595947,338598.0
231.124257193,302.639770508,118228.015625
228.097770142,302.639770508,312997.25
199.169259026,301.35559082,299637.34375
198.131796382,301.35559082,188333.234375
180.065470985,301.35559082,419652.0
179.092721289,302.639770508,102815.382812
168.945980003,305.216888428,217044.0
144.047783138,302.639770508,415279.90625
113.070909712,300.078063965,497971.71875
100.075667043,303.929595947,209034.96875
80.0494667978,302.639770508,245662.8125
419.217130628,281.295471191,114033.773438
348.210248642,282.558502197,193523.609375
314.20720787,283.818450928,128272.398438
248.110698117,280.030090332,193821.140625
229.097103832,283.818450928,719508.0
199.16923195,281.295471191,249516.84375
190.107238211,283.818450928,230851.859375
176.070609602,281.295471191,141997.9375
170.117522081,283.818450928,146993.484375
152.047275071,281.295471191,118706.015625
147.983658693,283.818450928,112612.023438
144.138301084,278.764251709,154125.71875
142.116853789,283.818450928,102568.578125
133.085874275,281.295471191,154690.140625
317.113087329,253.666412354,237138.765625
240.112972732,253.666412354,396573.53125
190.957284375,252.386810303,288548.71875
180.15938682,253.666412354,269781.5625
139.050194706,253.666412354,249666.75
126.091338842,253.666412354,637312.125
100.112047368,251.111633301,170851.1875
238.107238393,364.248474121,198103.671875
219.08632909,360.329711914,124013.96875
168.945980767,361.631072998,266396.65625
339.1759729,403.143280029,294929.59375
317.084083683,399.351196289,151004.078125
314.207277806,399.351196289,117143.023438
301.117904203,400.602813721,119755.046875
291.104713355,400.602813721,173364.65625
283.12209421,399.351196289,539405.3125
252.108976661,399.351196289,1727903.0
147.065138888,404.430480957,589586.6875
144.138288165,403.143280029,120856.578125
141.113459657,404.430480957,2099144.5
133.016281818,404.430480957,247493.890625
111.066549834,403.143280029,666671.125
104.070592772,401.866699219,864416.5
103.955282902,404.430480957,158929.390625
289.934572385,412.312774658,167396.859375
275.196308426,412.312774658,191061.546875
314.107991108,1074.04467773,101481.367188
313.116110747,1071.03430176,259514.40625
268.110418391,1072.53820801,292601.15625
144.047726994,1072.53820801,2595638.5
123.074464655,1072.53820801,401785.53125
325.153801833,492.123138428,338659.4375
217.014451806,494.638366699,360351.625
210.050004889,492.123138428,266551.625
162.054882547,493.379241943,268547.1875
155.092608763,493.379241943,1329740.375
152.022018898,492.123138428,2449276.75
149.059700075,492.123138428,310225.375
134.117507012,493.379241943,143478.28125
116.066559793,492.123138428,545589.375
113.034503805,492.123138428,877924.25
333.107925702,507.50491333,146029.75
237.910972777,507.50491333,142984.875
170.08113106,504.938751221,2263539.25
144.927400568,507.50491333,221669.15625
312.112254762,1075.57385254,2184481.25
250.093284063,1075.57385254,148547.921875
213.098365612,1074.04467773,109050.242188
116.070599317,1075.57385254,153356.765625
401.139861894,655.001098633,502966.78125
298.096673991,656.332702637,534348.6875
166.086300956,656.332702637,112723.28125
132.101892302,656.332702637,172282.125
118.097414826,656.332702637,150152.859375
245.114775396,199.240692139,478248.34375
215.125310447,199.240692139,131203.890625
142.116863001,201.877166748,115779.484375
250.050726475,645.709655762,101340.265625
111.066513329,645.709655762,396902.75
342.240158405,1366.80871582,205963.4375
237.911027802,1366.80871582,423947.25
181.022153885,1366.80871582,123580.757812
132.101888781,1366.80871582,100247.140625
95.0603686648,1366.80871582,102640.34375
82.0525535288,1366.80871582,183288.859375
245.114788132,1409.33081055,341881.375
215.125312184,1409.33081055,183637.65625
116.070591808,1409.33081055,130047.492188
420.099978898,599.898193359,104689.726562
303.006236318,598.614624023,146408.234375
233.091887392,598.614624023,417023.4375
162.997725483,598.614624023,521188.125
169.985711628,635.095825195,156427.5625
118.09743372,635.095825195,100978.648438
100.112033945,636.419494629,1877105.125
350.326234171,1371.68566895,114421.585938
326.843707509,1372.91589355,104777.976562
324.845468923,1372.91589355,245703.09375
322.847342379,1372.91589355,176234.1875
268.175066415,1370.45727539,146063.859375
234.917976808,1372.91589355,123220.867188
405.199291927,1372.91589355,100724.265625
342.240156029,1372.91589355,159917.171875
273.166953746,1374.15368652,152310.15625
245.114774457,1374.15368652,322844.625
215.125311674,1374.15368652,258536.53125
132.101885647,1374.15368652,122223.671875
452.169529298,389.426086426,115259.625
333.111310053,390.676025391,303202.1875
284.169994668,390.676025391,155926.625
272.185249993,390.676025391,147683.265625
233.12841791,388.170654297,385446.15625
229.140908393,386.911743164,698822.5
182.16520752,391.91885376,283771.125
172.133155558,390.676025391,675247.8125
141.113454884,389.426086426,1660925.25
125.070829526,388.170654297,342915.53125
114.091367023,389.426086426,238203.53125
100.112086066,390.676025391,201761.0625
282.278858258,338.448394775,173813.984375
229.140965098,341.053833008,944500.75
137.983831355,667.062438965,466369.5625
137.045782987,664.373413086,130853.375
136.949811521,667.062438965,118914.484375
132.101887964,665.721679688,148144.46875
325.165729942,674.937866211,578734.0
180.086592568,676.242126465,196193.9375
174.09134235,674.937866211,1199046.0
166.08627379,676.242126465,116647.734375
150.058293152,676.242126465,108614.21875
132.101897528,676.242126465,172811.921875
132.065503453,673.63494873,233830.078125
116.070599861,676.242126465,333851.3125
114.066210962,676.242126465,266176.625
375.129661544,407.039398193,262187.71875
289.139300913,404.430480957,141069.90625
278.11666547,408.356506348,170108.53125
262.923697047,408.356506348,331203.6875
245.128249989,408.356506348,114319.492188
165.113516156,405.729919434,151863.953125
104.106982601,433.530639648,1414773.625
387.192681279,233.021057129,245421.984375
273.090713174,233.021057129,506546.40625
222.169959183,233.021057129,143755.84375
172.116079747,309.034942627,105340.265625
105.953489273,309.034942627,101091.585938
267.171722253,461.42855835,165942.34375
261.036873267,462.7371521,105780.671875
239.138811266,466.68460083,268120.1875
235.912860116,461.42855835,756211.1875
199.169240717,462.7371521,333957.40625
144.92742273,462.7371521,227358.6875
186.221628933,184.557846069,241955.703125
142.116875568,185.895080566,116153.617188
326.169250895,678.851257324,112252.414062
269.233317496,678.851257324,926789.1875
191.117803407,678.851257324,1164302.5
250.093307528,1083.19360352,120569.1875
140.081796032,1081.67089844,1104594.125
304.248074472,1403.89489746,1100895.5
138.066193799,1401.20227051,112842.789062
438.378579249,1380.41125488,111248.703125
350.32622989,1380.41125488,108400.75
267.171716671,1380.41125488,1095155.75
170.117526732,1381.6751709,155271.953125
168.068853526,1381.6751709,111767.273438
145.985477253,1380.41125488,172766.265625
82.0525508915,1380.41125488,226910.265625
119.039575072,957.014282227,118309.984375
290.186220187,273.759552002,1035558.125
202.068553624,684.114868164,162957.578125
174.091345084,681.471679688,988473.625
136.949815107,684.114868164,117456.546875
409.160105468,443.568878174,202058.484375
399.127172099,444.821990967,443974.0
378.148917318,444.821990967,969758.1875
256.11779511,443.568878174,159895.421875
239.138842396,443.568878174,387199.71875
219.000344392,444.821990967,118547.3125
205.133481952,444.821990967,135596.734375
107.049125013,443.568878174,296363.90625
105.073957829,444.821990967,113722.257812
236.118041657,1431.85070801,120539.648438
150.077441835,1428.99133301,125092.609375
138.066186421,1430.41308594,108336.28125
95.0239803613,1430.41308594,105726.757812
82.0525514325,1430.41308594,510141.71875
191.117800501,693.543457031,952943.8125
170.081127438,696.233093262,477102.8125
166.086274413,696.233093262,205221.359375
150.05829026,696.233093262,195063.8125
132.101892416,696.233093262,207060.828125
120.972230447,690.850036621,101344.226562
116.070597446,696.233093262,374447.8125
189.113439593,1419.04650879,188911.859375
145.985476202,1417.64013672,191048.9375
95.0239860336,1417.64013672,108383.125
82.0525520828,1417.64013672,453883.28125
283.122026374,457.519348145,426241.03125
233.914713551,460.121734619,857393.625
189.113432916,460.121734619,213508.765625
187.086563934,458.816223145,828937.5625
172.116074146,457.519348145,214732.515625
150.077513575,460.121734619,473688.71875
147.983653988,458.816223145,127494.21875
112.086890764,460.121734619,126327.007812
111.066525995,460.121734619,899917.4375
242.138465633,337.146484375,156792.734375
199.169267147,333.243530273,360315.8125
184.060440497,334.545806885,890017.625
114.091359395,331.944396973,508873.90625
374.217030309,298.805847168,151010.21875
176.081826474,298.805847168,212560.40625
172.133152239,298.805847168,326110.34375
466.352630966,217.357055664,153831.421875
357.214485645,217.357055664,159520.0625
214.090828177,467.998718262,208959.71875
144.06554574,467.998718262,132418.765625
139.05019073,467.998718262,149762.078125
124.03930724,467.998718262,873174.0625
112.050517792,467.998718262,200483.921875
224.128024056,590.836669922,848079.125
193.987937881,590.836669922,206294.328125
111.066534043,590.836669922,561727.3125
116.070604127,944.560058594,185010.1875
438.378654828,1394.57006836,100015.210938
394.352462568,1391.95422363,126704.164062
342.240151458,1390.65222168,124756.585938
179.023982006,1389.35693359,150910.859375
150.077443243,1390.65222168,100734.992188
145.985480773,1391.95422363,177493.296875
103.955243133,1391.95422363,133367.390625
82.0525499292,1391.95422363,317379.4375
245.076610173,495.90234375,738844.1875
330.227208684,236.933441162,104840.445312
325.133627629,238.234664917,108034.992188
195.122811287,1324.76098633,100683.25
180.044382174,1323.68322754,731747.125
150.054963238,1322.60339355,336387.59375
205.133573902,365.556335449,335040.71875
196.096882119,366.859649658,142945.375
167.038604045,365.556335449,149809.8125
142.086273941,366.859649658,169212.0
111.066517557,365.556335449,720397.3125
342.240190043,1343.61645508,366144.09375
269.954531222,1343.61645508,118785.796875
267.956475562,1343.61645508,133786.40625
194.117612944,1344.734375,626689.625
181.022146436,1343.61645508,348404.65625
154.052966292,1345.85644531,156046.40625
191.117807693,708.160888672,681284.8125
344.227735746,285.075073242,213444.671875
221.101887285,286.327758789,120616.882812
194.084779635,286.327758789,116281.625
147.091582596,285.075073242,102185.742188
114.091365418,286.327758789,505417.90625
111.066523025,285.075073242,493261.8125
266.109318887,1041.20837402,615869.5625
145.0510534,1041.20837402,224970.421875
269.233315202,721.473754883,403686.0
191.117808627,721.473754883,591875.5625
266.109273833,1057.50646973,591873.5
145.051047848,1057.50646973,211949.96875
127.050185907,558.71887207,589565.5625
247.018694767,316.585601807,167057.484375
182.165200667,317.84262085,152822.296875
172.133144061,317.84262085,270631.90625
362.289775211,1352.65966797,371872.59375
283.81849634,1352.65966797,112340.507812
221.897301743,1351.51806641,113209.390625
181.022154164,1353.8112793,232440.296875
179.023978788,1351.51806641,510815.65625
154.052963868,1350.37756348,144740.328125
130.966500249,1351.51806641,241485.890625
252.108885407,457.519348145,106159.96875
245.063002514,457.519348145,500523.9375
325.165727796,738.446472168,213902.84375
269.233326532,737.152038574,372338.21875
245.114770097,1426.13171387,251648.375
215.125304057,1426.13171387,108342.492188
145.985475737,1426.13171387,210076.90625
182.165205564,311.556335449,129470.734375
170.117528925,311.556335449,130129.296875
165.113563223,312.81338501,137326.90625
144.047785463,310.297332764,244123.875
122.081152196,312.81338501,164457.90625
116.070587649,1084.72338867,179908.203125
114.066199327,1084.72338867,465938.21875
268.893083181,714.809448242,108363.601562
170.081130807,712.134338379,452379.03125
166.08626345,712.134338379,168313.296875
150.058290771,712.134338379,192099.5625
136.949809052,713.472229004,122401.710938
132.101897768,712.134338379,231759.5625
116.070602464,714.809448242,375632.8125
114.066210725,714.809448242,439915.25
191.15019336,865.539916992,132440.15625
75.0746735736,865.539916992,428415.0625
75.0683415945,868.21697998,195708.125
314.207215498,207.120422363,125215.296875
111.066517804,204.51348877,410686.96875
269.23331951,751.520568848,282232.90625
267.10721674,1121.79699707,396115.09375
174.09134345,743.654907227,380101.6875
132.101893226,741.04510498,186634.28125
199.169292302,369.439941406,377507.53125
186.221621215,152.387527466,372697.09375
260.925527123,408.356506348,372542.96875
127.050187257,590.836669922,364628.28125
116.070600168,708.160888672,364479.0625
269.233334826,763.392089844,269484.0
325.165719373,716.14276123,346265.0
139.097798663,1149.87084961,341945.125
234.131614349,343.663635254,215876.359375
229.097100978,344.968139648,221867.34375
196.096864581,343.663635254,172719.1875
182.165217642,343.663635254,149937.96875
172.133143845,343.663635254,341127.9375
170.117517021,343.663635254,157874.53125
165.113515197,343.663635254,154034.46875
199.169270427,319.102661133,320218.5
345.159825048,511.312286377,131506.3125
259.111661632,512.577026367,176820.3125
139.12298679,513.840148926,318305.96875
134.108499537,513.840148926,189645.34375
168.068898279,1399.86340332,240773.734375
95.0603642367,1399.86340332,209715.9375
82.0525502974,1399.86340332,309191.59375
186.221617941,147.028533936,308680.96875
647.458417842,1413.45935059,184002.859375
146.11752611,1414.84814453,303634.3125
325.165699631,726.762756348,273815.1875
116.070597586,726.762756348,299809.71875
213.098376824,758.111450195,110187.585938
132.101895927,756.793701172,141835.15625
116.070604375,756.793701172,298501.53125
116.070603355,741.04510498,298164.375
213.098401732,824.239868164,101869.421875
111.066521297,825.574951172,294200.34375
268.110462197,1028.02941895,249679.453125
145.051067187,1022.20544434,113802.492188
130.097497659,1022.20544434,220580.65625
213.098394706,817.598388672,105029.546875
174.091343674,814.945800781,164735.828125
116.093065323,814.945800781,283571.5625
114.066206842,816.270935059,206728.140625
342.240227859,1351.51806641,279928.15625
269.233302693,784.53112793,212564.421875
207.11281921,464.052185059,267041.53125
139.050194875,465.366790771,156009.5
130.086258599,461.42855835,138730.484375
111.116822263,462.7371521,178805.828125
166.086278123,870.898254395,132414.59375
150.058288643,870.898254395,104539.890625
132.101892645,870.898254395,180182.015625
114.06621297,870.898254395,266398.0625
267.107242894,1135.81762695,266043.21875
399.144243094,697.578918457,248544.546875
213.098374233,697.578918457,106102.046875
128.070579074,701.589294434,210522.484375
127.122957345,701.589294434,253664.609375
274.093870706,262.594909668,257728.625
223.144001719,262.594909668,159897.28125
177.127377837,261.328491211,160094.296875
276.195524742,1333.56835938,107931.578125
200.200853274,1332.45202637,101767.820312
132.101901123,1331.33459473,101509.789062
269.233320981,769.997131348,250889.390625
132.101898073,779.243530273,124347.242188
116.070602284,780.567932129,248097.84375
750.406493456,1359.64245605,129555.453125
548.503740734,1360.82348633,103864.929688
350.32631314,1364.4005127,101175.53125
342.240188471,1360.82348633,211352.390625
191.16410623,1360.82348633,235302.609375
179.02397658,1359.64245605,234090.484375
189.123318606,674.937866211,130296.445312
120.065520442,674.937866211,241197.453125
116.070600003,793.771484375,237813.765625
288.056298186,550.954772949,235211.90625
186.221631181,204.51348877,137881.5625
274.910034951,1293.96643066,161621.546875
212.935777576,1293.96643066,233512.09375
287.152013702,373.235412598,145368.796875
234.057311089,371.98248291,232313.203125
273.166929937,1434.75488281,100545.195312
234.917743583,1436.20922852,175646.828125
147.983618649,1436.20922852,106273.429688
114.06620718,1434.75488281,225731.265625
116.070604012,896.560180664,221580.28125
114.066209053,849.537841797,220858.578125
116.070606555,904.715026855,220810.828125
213.098380035,840.210205078,100376.015625
166.086287602,840.210205078,118699.171875
132.101899732,840.210205078,147247.0625
114.066212952,840.210205078,212145.90625
213.098386085,775.283813477,109440.820312
114.066204927,777.922851562,209545.46875
116.070604956,921.142211914,206197.125
174.091352291,797.739990234,204997.546875
75.0683374748,857.530029297,204548.328125
269.233315443,809.645385742,172390.46875
213.098373999,810.970214844,103276.539062
166.08629946,810.970214844,141990.9375
150.058232649,810.970214844,129601.882812
132.101897984,810.970214844,204250.15625
139.097794507,1170.05932617,202863.109375
182.165177498,373.235412598,202031.171875
213.098383222,657.667785645,171886.859375
102.054903849,657.667785645,201818.875
250.050791362,315.328277588,129685.820312
213.098386388,1097.02026367,104987.164062
163.097764122,1095.48583984,193632.4375
647.458467482,1398.53051758,193159.359375
276.195550527,1384.22045898,105265.570312
188.128102643,1384.22045898,115034.78125
146.117524814,1385.49597168,162180.0625
213.098391588,934.900024414,109242.453125
119.039581502,934.900024414,104383.601562
116.070606897,934.900024414,188799.859375
111.066516591,934.900024414,141983.90625
116.070605298,928.017822266,188108.65625
116.070607623,973.698425293,186145.546875
116.070605585,965.337158203,178971.390625
116.070607225,983.546142578,174051.984375
130.966493742,19.5590991974,172268.125
116.070600689,1019.30633545,171498.484375
186.112509182,521.43170166,169204.96875
287.221423509,173.836853027,167249.109375
502.710954452,1352.65966797,167075.125
268.103790827,1351.51806641,136232.328125
234.911785505,1351.51806641,101231.421875
265.225404981,1056.01513672,156211.9375
111.066515609,908.814758301,154322.71875
119.039579523,1081.67089844,150194.328125
188.128099449,1394.57006836,114798.40625
158.096424594,1393.26135254,148015.671875
138.066191462,1394.57006836,109670.453125
116.070603525,1032.40478516,147327.796875
123.074475623,1115.60229492,114653.664062
116.070598672,1114.05114746,146722.359375
268.110471996,1092.40441895,145987.046875
203.95559359,668.391479492,145114.59375
189.073309604,668.391479492,101721.273438
191.117812125,850.869750977,144863.703125
132.101892294,848.20904541,143139.359375
273.166957515,1354.96582031,129126.546875
245.114745079,1354.96582031,119129.421875
147.983625887,1354.96582031,144556.59375
114.091358157,418.651306152,143894.140625
136.949819824,1309.52575684,143652.234375
132.101903565,731.975891113,143422.09375
116.070595441,1093.94287109,140505.75
245.063009465,685.455566406,104219.515625
132.101894032,688.153198242,138714.734375
116.070602967,1104.75085449,138395.390625
170.117516368,330.643859863,137575.34375
116.070597283,1126.46191406,135284.3125
158.096431475,1370.45727539,134806.375
269.233331709,832.223937988,132938.1875
119.039585962,1239.54577637,132670.734375
119.039580287,1014.97259521,132452.234375
119.03957963,1230.73925781,132102.3125
213.098289471,1066.50610352,105429.328125
119.039571746,1068.0168457,129780.632812
116.070594304,1135.81762695,128785.90625
116.070600071,1174.68530273,127591.15625
123.031297741,391.91885376,123034.3125
143.117890525,889.768249512,122778.523438
119.039580775,1248.20385742,121822.4375
139.097793196,1197.72729492,120021.578125
147.998026018,24.9465637207,119093.5625
202.068591478,690.850036621,116126.804688
137.045792128,693.543457031,104166.257812
269.233342605,845.549255371,114799.046875
130.966126287,416.160491943,113303.179688
148.096767712,417.409698486,113175.796875
132.101898445,876.273376465,112454.742188
213.098394641,1118.69458008,109643.742188
647.458453866,1430.41308594,108355.65625
215.12526241,114.814117432,107961.523438
116.070601747,1208.34985352,107923.96875
158.096430929,1405.24560547,107730.84375
147.998036368,10.0996208191,105914.273438
213.098386329,720.143066406,105631.484375
142.116888253,175.179107666,104084.09375
213.098381474,726.762756348,103928.304688
147.98362669,1419.04650879,103884.492188
213.098361635,992.027954102,103846.960938
132.101901568,895.205932617,103208.84375
142.11687696,161.777816772,102374.1875
213.09838144,705.535583496,100495.75
647.458291736,1434.75488281,100080.375
188.128124263,195.255493164,100025.585938
